22997 585.9
66066 298.785
250935 272.719
321561 250.418
347284 31.0728
378985 351.392
411206 289.275
456607 0.196786
607344 13.749
679296 10.6557
841455 15.6161
985985 137.755
1045027 2.57507
1158076 389.963
1180420 99.6786
1188347 410.736
1207386 245.406
1255620 153.812
1321025 565.608
1333686 239.38
1418055 247.428
1463627 375.652
1598155 407.106
1613806 237.855
1749080 25.7641
1916441 19.7103
2135081 260.547
2259189 65.8485
2269591 68.1399
2269755 582.132
2453643 18.2328
2744512 103.47
2896472 279.003
2910446 329.206
2939549 31.7894
2965922 234.671
2997106 124.841
3005237 319.625
3026672 256.821
3054935 264.852
3061856 79.8243
3090263 0.0423534
3094049 14.3346
3097395 420.023
3131755 156.736
3149605 35.34
3287382 10.0951
3462880 135.196
3563010 554.144
3634591 33.0622
3732249 138.605
3899202 571.343
4167577 242.636
4238275 47.5908
4247988 36.7042
4266399 98.6501
4310180 508.795
4337052 365.946
4363719 25.6136
4418891 13.2619
4428491 112.763
4445247 498.466
4519707 313.157
4530101 299.495
4700208 288.154
4741069 7.95316
4769838 478.585
4888588 2.6854
5019264 0.0253991
5162700 19.2213
5168365 156.821
5187089 110.274
5189618 4.67013
5190701 195.297
5233534 77.5063
5260814 84.0416
5546508 95.7346
5577984 390.469
5689780 16.7252
5841755 14.1072
5860661 231.593
5956517 538.504
5970062 55.1211
6041111 54.9051
6069478 212.877
6147246 579.425
6306245 3.1909
6508785 398.316
6511151 479.746
6698344 339.895
6923569 336.532
6928548 168.599
6936084 215.882
7007143 338.775
7039656 470.883
7134947 11.5475
7179566 20.6291
7246158 378.69
7260068 154.01
7294999 240.684
7442178 288.436
7555029 207.947
7572224 79.7832
7641396 98.5043
7754665 119.87
7765619 37.8783
7845764 111.288
7872761 149.113
7959899 289.951
8034376 23.8407
8075257 121.744
8086415 530.586
8102550 95.1651
8160207 246.694
8204365 27.277
8250079 53.5062
8311833 232.699
8323246 71.1004
8336488 29.4796
8346569 166.973
8463274 126.854
8498615 32.7105
8562698 241.221
8639905 176.974
8725670 6.49154
8742109 87.4651
8850452 471.143
9003375 381.477
9035817 197.977
9142436 2.82357
9173646 61.3259
9374967 112.842
9479659 99.8033
9527945 4.08658
9680311 5.13133
9683053 244.824
9749990 34.9873
9828401 344.681
9833977 239.184
9861999 374.497
9888923 289.566
9971966 83.6469
