735 426.509
2871 104.431
18584 241.9
31386 13.3451
34801 96.6852
35508 79.4185
36363 257.73
38328 200.365
39208 439.85
41434 323.165
53929 417.218
60176 15.003
61951 65.756
62259 522.984
71769 19.3442
79564 202.765
88202 184.535
99143 164.517
100431 103.29
101647 134.95
111652 84.3284
111702 129.066
116956 561.989
124759 2.25903
131186 229.896
137724 29.2896
146952 430.419
159152 415.399
163894 54.4158
168758 85.6833
169132 297.211
169938 71.9569
169982 254.337
180632 40.9871
184388 141.7
193504 203.295
196764 202.496
198379 23.0701
208744 17.3031
215741 1.04515
216291 88.2442
217556 77.6107
221500 196.407
225285 128.596
226437 139.481
241110 292.444
243566 111.784
249677 102.004
260084 609.222
263301 420.78
266574 411.101
267240 270.788
289921 71.7202
290887 18.2301
301405 249.342
307568 9.69752
315554 264.811
315708 209.739
320927 61.2791
322104 423.603
322912 39.4961
326713 358.955
327571 42.6452
338353 257.443
340250 423.5
344067 137.781
345200 406.556
350426 299.131
364956 375.326
374622 9.56233
375191 269.559
382467 116.657
383884 6.12633
399045 341.938
407653 21.4771
413032 18.6963
413407 0.344561
418333 640.885
418843 425.727
426663 35.1095
429862 251.279
431582 186.684
432011 47.2877
437018 163.179
440425 13.6348
447803 123.897
457956 167.693
458475 448.537
464823 188.836
469253 37.6516
484532 380.241
488206 189.851
494949 206.701
495189 408.262
496646 230.963
498878 112.722
502371 214.453
518321 201.828
523503 21.9119
527373 558.578
541819 23.3564
541985 201.245
545730 277.393
546799 566.927
557232 257.813
562691 4.11312
566685 193.44
576999 574.086
579891 226.877
581450 434.931
593080 296.725
598771 392.889
600667 323.164
605125 164.009
612202 350.43
620380 7.01107
624896 35.9255
632948 472.623
637471 217.349
640896 406.599
641464 162.672
642887 137.567
644822 388.982
648870 182.982
650228 257.64
651055 0.722454
659714 150.646
659772 360.561
662092 60.652
664161 384.945
667395 150.491
673150 13.7513
674436 28.4398
674886 568.002
681129 241.173
681633 224.842
685147 203.795
687958 445.104
691467 4.12285
696343 11.4695
699361 285.253
700178 14.6744
703787 491.552
706094 131.896
707158 24.5301
710316 229.328
711321 288.458
713142 56.0592
720288 249.821
735406 13.2529
737019 146.947
737735 194.814
741580 87.1349
742246 231.967
747860 185.206
751173 271.077
752987 402.539
756356 24.702
761569 9.22713
763805 407.099
767130 372.897
770294 72.6326
779833 77.7716
780209 281.834
782177 365.134
783415 81.31
786914 187.455
790855 170.712
791497 32.3295
795441 374.634
795540 119.361
805552 193.71
806670 494.119
817243 296.996
825215 66.2096
826948 248.13
829269 139.608
829458 444.193
836391 29.4988
839447 222.57
844801 258.284
845914 72.9489
848730 18.8224
853224 10.7078
859100 1.7627
859667 13.2347
876455 51.3313
882918 1.09475
886699 363.848
895389 123.889
896146 27.9499
896377 343.207
917422 632.174
917632 225.522
919031 409.389
928231 119.06
933242 0.558865
936022 26.5602
945089 17.6016
953043 30.0381
953877 120.585
954989 101.822
957151 98.9244
961777 406.942
962610 77.6058
963840 35.9139
965350 34.3719
968656 141.383
969590 89.9557
971232 29.1207
983152 405.958
986025 36.1901
989910 107.555
993516 379.948
996120 352.603
998427 255.718
1001905 426.276
1002740 94.7198
1006776 518.216
1008310 573.065
1015405 544.227
1017502 185.301
1025136 1.68481
1026756 247.265
1037282 198.196
1039429 195.473
1045992 204.932
1056173 85.5311
1056356 640.393
1057226 330.327
1060348 155.393
1061527 382.82
1067020 45.2423
1067041 263.771
1067849 646.127
1072288 262.035
1073811 20.5209
1074604 10.9758
1078205 646.52
1086844 19.466
1087507 16.8243
1094639 309.402
1100612 196.213
1100618 47.6047
1107397 189.316
1113558 45.3908
1114738 11.7297
1121021 40.3665
1126558 392.764
1134023 80.6209
1137529 616.558
1138762 378.642
1145823 98.8498
1150393 75.6112
1156483 2.56372
1160948 230.01
1161308 190.158
1162611 189.605
1164441 617.558
1173986 329.398
1178609 372.621
1183300 194.54
1188217 191.978
1192606 77.1979
1195409 80.1936
1203950 223.214
1208343 262.447
1209301 408.692
1211029 239.236
1214561 162.039
1219258 622.266
1221026 441.367
1231604 6.12738
1235025 35.0793
1238013 207.866
1242422 80.3105
1254637 513.07
1257263 409.404
1258614 16.2141
1259089 283.598
1262795 336.083
1268248 3.61204
1274880 122.989
1278803 347.139
1280321 250.67
1285481 335.216
1298015 388.767
1298295 143.411
1304723 39.6612
1306126 56.9694
1330083 74.8798
1333474 107.787
1336444 575.257
1340963 296.535
1341301 428.883
1341976 5.06263
1343696 21.7117
1344547 31.2305
1345245 214.018
1346099 231.39
1366062 40.0838
1367460 114.261
1368821 19.3755
1377368 86.5834
1398757 0.694281
1404345 20.1519
1404497 185.67
1407106 372.056
1408186 88.935
1412935 279.817
1415578 399.159
1419044 434.676
1432274 391.911
1438004 387.31
1442037 428.281
1443116 329.405
1445997 573.177
1453171 36.4671
1453937 45.0062
1454138 32.8226
1460523 98.8353
1464433 340.433
1464794 28.6234
1469512 68.1862
1470660 477.157
1471675 196.45
1472073 125.988
1482104 76.3651
1490457 7.73347
1491072 42.4672
1508761 498.678
1518847 95.9157
1529127 309.492
1529701 2.83447
1534332 187.119
1535518 31.2247
1543546 441.69
1546325 371.095
1547709 177.444
1553631 126.944
1561315 403.187
1566034 99.1604
1575689 645.285
1578216 18.2999
1582549 561.85
1584191 46.3153
1584732 293.701
1585531 7.37933
1586801 12.466
1593484 68.9391
1595745 343.564
1600887 189.726
1607783 272.602
1611612 186.07
1612408 3.50501
1613295 8.34098
1614811 486.688
1616124 432.652
1618372 428.984
1624978 313.129
1632994 152.629
1634620 599.123
1635849 213.543
1639150 249.294
1640515 434.836
1641149 204.209
1642397 184.041
1644882 384.488
1650453 187.352
1652991 250.622
1655762 320.098
1658072 28.6519
1658417 548.185
1678878 604.561
1682248 221.312
1695589 611.97
1697230 1.70944
1701858 67.4019
1702956 218.758
1703028 202.625
1705984 9.02892
1710857 17.1104
1720097 110.005
1726410 99.7845
1727223 16.2281
1728200 279.029
1728733 158.963
1734736 132.338
1738574 186.329
1743233 443.16
1757546 50.4612
1764706 59.9673
1768659 45.9402
1772434 263.951
1773999 25.6495
1780047 306.43
1782608 35.2733
1787127 52.7718
1787144 183.524
1793236 10.2156
1803201 137.791
1806099 59.3328
1809870 319.943
1811872 15.2908
1813331 70.4883
1817336 209.842
1818599 521.639
1822257 63.233
1826317 47.5497
1828039 596.113
1830259 273.854
1830677 355.628
1832775 24.8767
1858637 571.047
1861829 36.6444
1864233 96.8529
1873812 37.8564
1874502 456.567
1881466 40.0307
1883310 581.625
1888245 31.8484
1891802 6.42279
1892927 408.937
1893679 293.184
1895036 33.787
1900938 32.8064
1902588 241.012
1902701 398.177
1909437 27.7383
1910715 204.848
1912202 65.4293
1914827 442.162
1924525 132.972
1930247 20.03
1949538 348.727
1952867 43.5376
1968459 443.976
1975551 29.4671
1979131 357.384
1981996 362.147
1985515 407.458
1986637 447.882
1994921 82.5699
2010738 32.9736
2018138 252.062
2032314 286.906
2035139 205.056
2036617 122.011
2037531 225.006
2039422 316.178
2042982 29.1396
2052695 104.866
2054948 214.923
2061757 5.93138
2062819 410.123
2072497 31.0573
2075054 12.0396
2076386 365.366
2081905 199.494
2087980 160.797
2094315 0.616491
2101487 193.902
2107616 586.236
2118234 36.521
2123278 37.8388
2136666 406.389
2140296 589.372
2153343 281.12
2160519 321.476
2166340 37.9918
2180231 280.188
2183926 39.4459
2192663 190.819
2194516 203.358
2195317 469.281
2195660 570.139
2198925 184.935
2203928 3.32436
2212980 118.429
2217513 4.36385
2219070 38.3766
2227589 627.633
2235432 509.178
2235706 67.4374
2237550 345.632
2248458 44.0591
2253683 179.2
2256705 197.064
2257292 320.407
2259063 194.173
2262462 237.858
2263854 437.41
2264667 208.464
2266368 8.70421
2268988 641.488
2270058 180.839
2275619 498.913
2286875 11.4532
2296112 235.437
2296453 4.93712
2297473 264.481
2299451 170.24
2301853 83.8761
2305088 11.6094
2306353 187.833
2311265 439.379
2314223 280.336
2316282 337.379
2317132 272.55
2317976 369.623
2318395 383.784
2322899 5.2467
2328873 239.174
2330019 65.2714
2340393 226.822
2348596 369.314
2348831 198.498
2351954 78.0158
2354697 356.266
2360017 264.671
2360468 213.039
2361296 40.414
2364105 34.3781
2374103 92.1477
2374641 267.765
2376717 392.929
2389787 111.531
2390902 10.3768
2393898 436.553
2400631 1.55884
2402744 7.73241
2409727 124.294
2411539 201.651
2412676 82.4625
2412742 534.421
2412805 211.027
2414993 99.1362
2415253 279.418
2417018 405.509
2422150 320.691
2432946 99.7502
2436228 100.874
2436305 5.96119
2448664 50.9078
2448927 502.472
2453098 402.138
2457487 525.325
2466664 96.1836
2504006 504.475
2508134 4.88472
2513683 213.436
2516570 323.401
2516792 463.566
2518035 150.026
2520603 187.696
2524308 410.581
2524655 24.7482
2532322 46.4889
2532495 126.31
2536681 169.022
2543911 7.62475
2549881 328.26
2552900 381.335
2569010 59.8912
2571668 34.2804
2574373 412.073
2575673 182.107
2582487 25.905
2584092 559.078
2585170 4.8365
2598493 116.326
2598846 11.3248
2604109 185.713
2604429 232.991
2618643 206.329
2625404 307.57
2646485 531.797
2651065 390.16
2652629 433.038
2653222 276.656
2658487 76.763
2660539 30.3186
2665472 30.4775
2672126 0.143469
2677271 54.9518
2680768 189.287
2685259 43.8934
2702782 109.023
2705111 468.465
2707087 197.333
2707464 21.3859
2709723 403.019
2713129 305.379
2718653 270.169
2727681 39.4343
2729006 123.346
2740221 185.479
2753224 384.114
2759291 420.28
2759543 314.425
2761397 9.56577
2771340 64.0951
2771862 390.462
2775058 206.317
2775178 169.483
2776158 627.012
2782498 7.81401
2782583 643.651
2782972 369.724
2788368 31.617
2789899 229.029
2794855 536.669
2795283 331.698
2802545 635.338
2808063 15.3477
2813216 21.3051
2813489 54.5338
2814177 99.1322
2823357 562.321
2828770 207.562
2834587 210.452
2837859 7.7929
2838272 543.596
2841039 68.0807
2842039 191.068
2857613 139.666
2857664 173.796
2868113 425.606
2869571 398.224
2874462 344.458
2879067 270.073
2885491 557.727
2891439 58.2844
2894585 577.48
2895229 55.0095
2898405 13.55
2900146 611.985
2918861 383.078
2920243 260.223
2927248 562.994
2928000 188.611
2931208 1.33871
2938119 478.658
2939549 11.3952
2939800 160.371
2941766 432.336
2946727 247.149
2947607 66.4029
2950068 282.138
2952226 9.64116
2954769 285.767
2970165 8.51
2970447 349.384
2970487 13.3857
2972305 12.076
2978593 443.349
2980951 505.126
2982986 50.5235
2989543 222.514
3006769 587.636
3015262 46.8194
3025091 22.1658
3026740 349.308
3031930 128.613
3032976 406.302
3058708 134.814
3062062 97.1663
3065532 418.486
3067443 256.196
3069287 3.63485
3070707 36.024
3073659 295.942
3073782 157.418
3078936 270.75
3079605 31.2471
3081806 29.1084
3082309 368.324
3084352 510.113
3087441 33.0202
3090253 16.6492
3099352 377.851
3104916 297.342
3109334 36.8152
3114471 189.27
3116858 45.8367
3124184 123.499
3135635 158.874
3135765 187.244
3137591 236.191
3138770 191.308
3140502 317.847
3145700 97.1461
3150274 27.2564
3153652 264.127
3156068 237.497
3182775 3.5497
3189735 550.025
3191725 321.293
3204052 33.3421
3204880 232.727
3211534 6.45943
3212438 226.825
3214220 346.642
3225746 188.17
3228023 101.14
3228989 128.918
3235561 328.561
3250206 268.772
3250287 339.776
3254313 5.70384
3256440 5.41954
3263579 359.003
3271284 378.84
3275462 28.925
3276648 74.8467
3277013 10.7597
3278213 215.809
3291411 302.531
3292878 534.65
3293795 435.052
3296966 2.21558
3298763 175.715
3304681 576.808
3311838 105.058
3321988 105.188
3324834 589.88
3346748 443.75
3349735 187.174
3356493 180.112
3362611 432.34
3368551 19.4593
3382265 397.604
3386220 261.111
3393526 28.3186
3395426 33.527
3407487 332.995
3410053 75.7845
3413827 34.9646
3416876 29.5976
3431802 199.539
3433602 106.913
3438298 447.401
3445893 177.682
3447182 440.231
3450921 40.2387
3453828 11.3212
3458934 211.098
3462285 66.6201
3479149 293.191
3492348 20.1342
3492560 77.2143
3494149 612.157
3496025 68.7471
3497411 650.724
3499268 426.589
3506010 16.9744
3525027 34.5402
3537907 450.445
3539191 557.608
3539295 438.64
3544762 356.96
3546530 418.953
3567301 477.806
3568941 186.443
3571870 225.593
3572485 91.519
3576276 270.809
3580335 337.465
3584120 248.675
3585191 57.8118
3585417 0.586195
3587568 0.471893
3588873 5.03467
3599830 244.396
3605905 515.446
3611900 186.186
3612017 198.267
3613858 6.32104
3626150 198.916
3626892 190.705
3628779 267.201
3630327 238.936
3631936 412.742
3632200 209.168
3632336 354.769
3637736 360.433
3637885 214.304
3639570 216.002
3640352 642.948
3640822 20.7558
3643699 77.9066
3650804 78.0115
3654561 358.132
3668841 88.9153
3671119 325.201
3682853 0.760471
3688876 56.7495
3698594 89.2539
3708549 228.992
3711478 62.8055
3713455 202.015
3718488 383.745
3719576 15.7551
3723141 59.1169
3723452 36.7774
3724254 202.242
3733446 439.918
3764026 40.2094
3769287 153.609
3776818 393.543
3777246 32.9231
3782737 128.149
3794907 27.0722
3798233 128.304
3803035 221.429
3803449 596.825
3806759 474.265
3814458 121.356
3815160 431.633
3816763 7.2889
3829026 57.8581
3836228 104.632
3836312 91.5439
3844183 281.969
3845909 86.1444
3847635 243.454
3849197 269.439
3861842 185.618
3865011 239.97
3872148 26.3909
3879515 150.733
3885723 444.68
3894941 223.726
3896186 117.935
3899934 229.682
3901418 244.209
3905098 157.987
3916578 17.8757
3916583 0.0248017
3916813 621.403
3919434 271.03
3920272 88.0972
3922419 238.413
3924210 442.365
3926635 491.717
3933158 350.713
3952317 158.57
3958452 7.39661
3968725 30.8571
3969510 410.974
3973370 187.979
3980032 44.3897
3982786 33.5213
3984617 202.305
3990187 29.9535
3993546 391.697
4010367 64.782
4012933 387.394
4021670 35.5255
4027776 291.649
4029522 210.491
4035329 246.967
4039859 188.239
4045850 116.854
4059258 0.75531
4060306 79.9516
4071294 7.9017
4076554 285.157
4083272 24.1142
4084483 1.83519
4084737 236.934
4099692 116.113
4102267 329.549
4102889 619.859
4108067 599.647
4111078 198.603
4117243 295.403
4128228 3.21065
4130105 269.255
4138926 57.954
4141538 272.138
4142613 15.0171
4145400 235.557
4145751 567.992
4146799 11.0014
4152244 63.0299
4156836 58.1593
4159598 266.12
4163477 361.693
4166250 28.2458
4175327 233.148
4177402 183.397
4182454 312.97
4183043 253.629
4195270 14.6695
4199357 269.684
4202848 18.908
4204417 144.057
4204776 63.6962
4206804 186.827
4211930 101.014
4217386 79.3299
4219666 584.028
4219976 191.887
4227013 173.702
4227841 38.8473
4231719 61.4309
4234252 73.5856
4234614 427.175
4240060 24.3471
4247265 174.929
4253703 26.0387
4256810 7.77015
4261296 376.328
4261826 294.944
4263479 309.678
4277073 132.047
4278418 381.865
4278829 41.2071
4280360 129.45
4281140 363.115
4281875 276.946
4291974 235.169
4298332 193.214
4298615 381.643
4307021 19.0491
4308216 188.065
4329425 117.652
4330100 1.07626
4344931 175.459
4347097 5.28818
4348092 180.967
4350173 185.898
4352525 375.634
4367872 80.1319
4368679 61.9799
4371620 38.1048
4384154 53.1738
4385773 82.3577
4386342 86.6203
4386370 161.418
4388544 223.668
4390098 9.17204
4391738 19.0404
4403511 134.612
4404052 185.957
4404658 250.799
4407960 4.10946
4417472 33.0785
4417565 225.196
4419090 374.276
4419603 21.8167
4421137 114.638
4425946 6.97795
4430243 162.048
4430410 299.623
4435343 5.03057
4440709 6.29499
4442701 560.866
4442849 3.94093
4444915 203.623
4455846 223.713
4468135 200.13
4469257 263.639
4469874 169.888
4473658 261.373
4475915 340.84
4488966 384.596
4509111 523.695
4514065 200.081
4518064 410.802
4518615 435.593
4524158 65.7719
4525765 7.42413
4540199 80.7567
4541305 297.139
4553992 33.4835
4554000 286.758
4556344 14.2885
4557296 236.715
4573125 92.7452
4575072 445.499
4582090 451.45
4589957 362.957
4592601 451.909
4593163 177.781
4594047 410.019
4603303 422.304
4609119 47.7949
4611240 51.0953
4612893 235.591
4615787 431.338
4615847 1.99851
4616872 165.173
4617267 242.877
4621794 103.736
4631093 188.345
4640433 183.049
4647041 355.906
4655994 3.45605
4661439 597.391
4663004 385.129
4666753 408.776
4669339 621.637
4674462 273.591
4677686 185.613
4686197 35.2269
4687593 41.8421
4700907 621.232
4701841 429.914
4702405 431.202
4704465 51.7507
4706491 24.7231
4708266 44.036
4717674 44.7415
4717861 28.0089
4725440 201.869
4727156 596.058
4729464 42.4308
4730587 197.829
4730965 52.374
4737095 5.69652
4737775 185.783
4742389 362.592
4742832 521.82
4748084 368.395
4749411 1.03374
4749890 451.044
4753892 380.057
4760086 485.198
4769819 70.0458
4785117 59.5464
4788009 14.6946
4801118 214.812
4815871 422.193
4822261 569.03
4822675 381.782
4829170 17.7289
4834782 387.416
4837304 254.573
4839899 184.82
4841331 0.01744
4844490 5.05708
4845473 9.79706
4846538 0.0251298
4847548 265.995
4854083 453.328
4854438 123.035
4857959 77.614
4861613 1.12596
4861818 46.8964
4861976 42.6439
4862707 608.838
4862780 253.3
4866259 72.9958
4879019 20.0006
4879723 47.5286
4886484 7.57804
4890070 352.549
4897233 106.486
4899841 249.706
4900431 634.164
4902698 315.746
4905879 42.2727
4905941 576.898
4906497 616.739
4907350 87.3474
4907620 387.85
4908118 12.5013
4911465 185.092
4917571 287.629
4919811 590.44
4925631 31.72
4932162 433.539
4934659 4.42104
4941293 601.139
4946186 55.7528
4951366 219.126
4955251 53.4321
4961543 48.2808
4970242 204.437
4977354 192.355
4984979 16.2244
4988472 339.211
4993216 0.556946
4998520 347.562
5019138 430.346
5019943 2.48462
5023980 167.032
5027366 404.864
5032214 265.081
5035423 154.602
5043565 491.752
5053424 410.774
5059681 368.87
5063238 49.832
5072390 29.092
5074572 30.2749
5076137 51.998
5077569 234.396
5081854 76.486
5093314 52.0655
5094507 58.0893
5095777 470.78
5101317 206.355
5103252 5.8314
5108564 88.0349
5112541 172.97
5115397 162.869
5124319 313.437
5132182 133.287
5132282 21.7436
5134027 263.432
5154248 137.636
5156935 387.782
5164810 299.331
5166282 151.012
5172520 56.2601
5174765 176.185
5176639 119.033
5182369 23.2261
5185609 387.802
5187141 247.953
5189697 583.891
5196730 287.327
5211842 75.7045
5217465 5.86957
5221248 209.776
5223632 71.9294
5226996 194.992
5228835 1.83032
5231901 6.83564
5233106 172.377
5238231 96.3321
5241929 182.972
5243434 55.477
5245774 634.824
5247319 248.046
5247465 471.763
5249462 261.867
5254584 194.083
5258434 7.49768
5260110 322.594
5267023 319.972
5268731 256.034
5272939 40.48
5273512 31.0014
5275567 0.519256
5278399 411.277
5281180 5.51812
5281463 219.985
5282723 171.775
5293866 491.775
5317250 198.816
5317842 157.534
5334444 436.502
5334835 393.81
5339659 517.46
5340842 398.606
5342168 4.22044
5344224 619.858
5348868 206.107
5349689 296.518
5350397 348.045
5358019 549.19
5365580 437.181
5365740 265.043
5367979 475.079
5368928 328.615
5375287 221.951
5384120 224.827
5387504 594.763
5391119 312.558
5394226 324.623
5396764 6.97192
5399345 178.367
5406416 123.799
5411962 205.715
5422441 625.826
5424405 621.286
5433133 31.8811
5433852 429.193
5440827 228.357
5443033 4.13118
5445762 24.9777
5447266 549.094
5452521 307.365
5457207 36.7266
5474038 248.418
5478715 102.827
5478799 256.026
5480012 222.091
5485626 97.1388
5487176 354.048
5488550 73.0378
5489707 24.6256
5491455 632.507
5505211 395.829
5507148 137.791
5512807 297.165
5514985 197.493
5516879 90.6764
5517067 189.001
5517161 116.873
5520354 373.487
5523945 202.536
5532045 297.189
5536033 6.98011
5545390 1.124
5553773 239.928
5562547 86.8802
5562777 47.1129
5570429 60.9276
5570832 628.714
5573076 216.628
5577888 22.0612
5581506 336.688
5581879 557.522
5585851 321.552
5586248 262.441
5593541 487.01
5595962 341.462
5599021 531.977
5601895 231.097
5601975 40.2727
5603802 28.7651
5606150 49.376
5618801 198.049
5624622 85.1301
5625242 142.211
5628746 21.5065
5629421 305.217
5633331 425.213
5633439 588.709
5639326 124.591
5645697 32.0599
5657613 133.159
5661932 54.1624
5666693 218.096
5666992 253.367
5668650 311.418
5669566 73.916
5674973 178.825
5688573 60.3291
5692154 101.275
5698562 269.551
5708506 392.675
5711430 358.473
5732661 193.008
5735751 105.329
5738538 127.694
5741273 455.289
5748948 343.478
5753291 153.911
5760094 231.699
5766753 23.4455
5773783 434.702
5775126 52.0753
5789576 125.801
5793190 0.618476
5800390 216.788
5811528 315.478
5811783 18.1879
5814781 307.194
5819518 107.751
5827082 438.671
5830096 239.473
5830495 29.1852
5832010 349.617
5832514 156.647
5836612 11.6973
5838593 34.9094
5845663 530.986
5847159 226.236
5850485 288.245
5858134 194.078
5858483 1.93113
5858519 394.394
5859351 14.4563
5863978 191.563
5867054 136.065
5873716 117.616
5875440 101.974
5877312 11.7303
5879351 270.074
5891674 186.512
5894502 17.8793
5901293 2.23599
5907897 392.384
5908877 327.163
5913942 34.6728
5921873 591.221
5932137 44.6496
5937828 363.438
5940663 333.869
5941196 256.469
5943841 1.33372
5957485 292.572
5958092 47.2315
5960967 30.7065
5975294 321.31
5979079 453.105
5981706 16.9158
5986135 148.452
5993430 348.959
5997762 13.6843
6000200 622.201
6009626 73.4347
6014441 307.402
6049705 148.811
6059503 232.012
6065222 2.0739
6065696 273.427
6066354 217.276
6070015 163.813
6072219 338.61
6081474 113.496
6082086 437.202
6086980 405.774
6100392 76.7692
6114874 16.6093
6118328 237.245
6123296 7.7064
6124579 238.89
6130651 142.823
6138589 394.889
6144180 592.269
6144488 23.4013
6148495 176.23
6149653 372.189
6164566 303.926
6166161 6.91309
6173034 457.439
6173369 427.827
6175261 563.866
6176836 22.4405
6176927 65.7456
6180419 62.8397
6193416 424.058
6208713 71.591
6209260 338.466
6210027 27.0655
6210247 120.56
6210784 52.8237
6211041 37.5947
6216072 29.929
6216591 312.805
6217924 194.801
6219365 441.808
6222250 3.79823
6223572 229.827
6224110 439.829
6246565 134.842
6254033 17.9699
6258557 309.858
6276561 204.933
6284409 368.856
6285654 62.9364
6288287 199.235
6291505 14.1316
6292541 10.4524
6302262 546.181
6304182 10.3077
6304380 433.765
6305751 103.563
6308847 32.712
6309880 295.741
6315964 28.2764
6318531 5.88894
6340140 291.058
6340392 94.2181
6342672 4.09957
6344720 321.806
6345237 25.5125
6345434 62.1694
6348040 147.359
6348602 105.397
6350464 271.753
6352888 143.144
6362754 55.1487
6367159 584.845
6372311 97.0351
6377053 386.575
6379361 82.651
6380859 35.3923
6397984 193.682
6399509 39.2889
6409211 191.285
6410805 111.389
6413805 358.113
6419401 41.2459
6421807 250.821
6422443 80.9986
6424393 615.093
6424619 17.9928
6429891 2.64837
6430105 468.555
6432467 36.9245
6440645 41.4781
6440656 10.4151
6450261 36.8028
6451889 3.38436
6452346 262.252
6453038 94.9563
6459189 181.999
6464874 218.643
6472612 203.538
6486176 354.471
6490181 470.824
6492314 359.248
6496649 47.4698
6507018 30.9794
6509094 175.274
6509955 18.0233
6516036 128.398
6521146 547.774
6526428 345.732
6533240 255.086
6539316 599.772
6541737 25.6601
6542580 66.9241
6552834 57.8221
6571913 0.937836
6572778 336.287
6572889 369.225
6573487 291.613
6576980 11.1821
6579694 161.863
6579785 34.7154
6584319 125.077
6584352 538.299
6586810 137.238
6588173 478.463
6596742 186.054
6597908 234.336
6608596 193.608
6610689 398.437
6613400 4.20494
6615885 20.3016
6623969 40.1499
6630482 110.207
6641069 24.5812
6647837 511.527
6651170 23.8443
6654496 291.591
6661401 3.87281
6664289 83.9647
6664302 243.452
6679025 119.712
6688082 65.5564
6690961 226.855
6692826 61.0518
6694388 545.538
6702766 44.7424
6704043 163.745
6706063 116.122
6707573 46.7163
6708221 261.948
6710274 241.53
6713063 256.841
6716711 173.135
6719673 234.863
6728140 440.039
6729453 54.0715
6729707 0.995858
6735141 292.781
6735987 93.0828
6737720 67.5254
6739824 303.744
6742828 436.274
6746512 46.7828
6749775 202.644
6752120 0.194399
6753844 422.416
6755240 186.123
6755352 60.3145
6756156 599.349
6760411 372.585
6760807 308.845
6760895 301.276
6763980 127.218
6774133 363.041
6774705 51.2698
6777609 78.3882
6783445 476.336
6784353 150.54
6786902 316.651
6790560 67.4399
6801679 402.888
6802250 25.1193
6808892 7.15204
6819128 78.6152
6819645 256.83
6825008 40.5808
6842115 7.23338
6842683 517.061
6849126 589.286
6849534 201.158
6858664 13.7359
6859258 70.5484
6864721 88.8144
6866979 604.469
6872526 477.485
6879176 636.494
6889995 345.041
6897418 369.446
6898578 186.724
6899149 294.108
6899371 57.6092
6911171 185.668
6911804 260.273
6916487 633.104
6922087 137.632
6933854 14.2102
6938061 20.0436
6941282 97.5217
6942067 411.383
6943907 228.321
6946699 377.609
6948124 589.593
6948336 49.9482
6950483 46.4635
6953463 188.894
6959315 212.502
6960549 30.6683
6964846 10.4086
6965378 577.835
6966140 50.5696
6969143 290.344
6970059 349.642
6989426 408.39
6995648 107.054
7003485 274.924
7005162 174.529
7019494 12.8236
7020058 67.2828
7043961 21.136
7047279 357.954
7052888 243.355
7053050 121.714
7054759 280.396
7057110 208.368
7067620 134.433
7068990 321.238
7076100 1.35301
7078513 469.57
7088753 54.1774
7105776 135.543
7113535 295.521
7116637 48.757
7117878 245.7
7120453 16.4631
7120753 4.25594
7146361 184.37
7147993 2.1068
7149978 9.25191
7161123 427.516
7162622 18.7874
7174706 213.635
7176176 582.17
7177885 371.352
7178546 292.072
7186630 0.855004
7191510 1.9596
7193089 317.512
7195018 25.47
7196034 87.8924
7199021 261.582
7203430 223.639
7205315 84.559
7215629 277.369
7237408 47.9319
7238463 132.553
7242799 375.751
7244098 106.306
7244828 1.72437
7245321 200.748
7245957 240.835
7249411 296.064
7254052 208.83
7255151 0.817149
7262445 209.822
7265508 534.168
7280375 370.381
7282134 281.821
7285449 317.907
7297956 426.882
7305410 40.8245
7305710 291.93
7306094 195.639
7312201 376.053
7321562 13.2399
7346490 575.12
7351082 4.35592
7352981 315.197
7356050 289.44
7362521 177.703
7369968 147.825
7371555 28.2771
7374405 327.254
7375285 242.177
7376480 149.395
7378482 72.3582
7380479 20.0775
7383413 176.773
7385198 178.768
7390428 39.6178
7393980 256.525
7397390 13.5649
7402990 159.453
7405180 131.259
7414200 29.8305
7415659 0.889457
7416744 55.5566
7422414 176.909
7422461 219.521
7422746 230.953
7427045 631.317
7427630 16.0764
7428765 12.8473
7430747 111.598
7431055 386.168
7441988 63.1553
7442227 1.43252
7443846 43.6549
7446330 362.756
7448303 645.383
7453498 242.909
7454015 55.6922
7455730 115.955
7456044 208.475
7475529 59.6653
7477861 17.5702
7484858 146.417
7489483 149.76
7498039 381.624
7500438 198.988
7503051 122.899
7514601 77.6523
7517673 198.175
7542070 200.983
7542318 334.161
7547560 325.3
7549879 353.39
7569129 17.6941
7582178 4.13729
7588142 27.3036
7594669 323.56
7597345 123.45
7597865 637.798
7602636 5.20668
7610385 61.6769
7610515 105.178
7611331 334.331
7618641 310.226
7621458 25.8147
7623218 153.423
7625115 21.2988
7625517 8.4696
7625966 632.828
7626066 4.51877
7642053 320.001
7644406 399.321
7646638 555.832
7677448 625.598
7677537 96.0589
7682275 379.97
7683673 225.195
7684907 260.819
7686871 56.8617
7693954 1.23426
7696809 36.2959
7696912 347.597
7696959 261.384
7698233 427.646
7704277 288.7
7704600 186.489
7706088 568.73
7709989 84.5918
7717031 222.723
7721550 196.799
7725283 19.5062
7731521 93.8727
7736989 345.309
7745049 375.064
7757494 279.602
7772398 78.6123
7776265 310.27
7776899 188.12
7781175 234.083
7782011 2.87796
7784921 41.8707
7800478 208.427
7803115 80.4987
7812364 262.248
7814795 285.345
7814820 71.2963
7818497 181.23
7822555 243.153
7836790 197.579
7841949 351.521
7846677 154.92
7851910 541.092
7852949 75.802
7858176 382.628
7864684 1.97843
7866559 195.921
7877896 10.3064
7882020 180.453
7888733 138.294
7892904 171.542
7898259 306.204
7906821 95.5536
7907368 70.2397
7909397 231.872
7915514 2.17958
7919283 9.71234
7930940 312.463
7934235 203.448
7936387 32.5701
7946528 210.691
7952311 97.9371
7955275 347.293
7960611 37.0848
7966379 404.186
7967851 196.214
7968500 342.919
7968748 168.252
7969562 385.637
7971083 209.29
7973123 11.9253
7991488 135.132
7992986 376.4
8000995 175.744
8002315 43.4893
8012055 291.043
8014594 282.3
8019702 1.84044
8027931 27.5669
8027982 155.076
8030493 34.1392
8035254 472.011
8043117 469.048
8043566 559.016
8045446 381.2
8051898 12.8001
8061695 6.02458
8063330 259.661
8064900 537.737
8076656 413.164
8076794 15.5257
8080176 89.9095
8086693 220.804
8091240 78.5088
8091721 116.846
8099910 33.5549
8102529 84.3628
8103646 17.7948
8114585 201.849
8117978 186.903
8119219 253.378
8119245 430.088
8120953 385.603
8121648 42.2045
8122642 281.343
8134123 205.053
8150154 186.195
8156177 253.675
8159428 304.056
8166258 24.9102
8166727 20.8598
8168634 425.33
8170046 8.62497
8170165 335.321
8180819 600.87
8182526 621.156
8184021 197.868
8198080 245.489
8203146 257.766
8218804 155.897
8219422 155.485
8223552 200.277
8230093 202.193
8238912 371.017
8242446 16.1329
8242828 306.08
8244949 198.272
8252138 307.347
8255789 12.3192
8262113 474.151
8263831 111.195
8264711 346.175
8275301 492.806
8280304 81.3404
8285455 304.779
8294643 247.321
8295895 303.085
8302077 121.198
8313452 542.731
8318348 402.807
8319387 236.911
8323241 66.4199
8324534 76.3905
8331516 241.94
8332500 430.794
8335274 19.0412
8338920 546.892
8344389 299.709
8344599 241.313
8355593 361.632
8363643 285.371
8368977 184.567
8373461 161.405
8375442 252.258
8375765 205.319
8381986 104.862
8388387 160.95
8397004 422.03
8398912 177.041
8401109 15.9337
8406140 67.7386
8408778 23.6395
8409041 10.4099
8412242 467.733
8415189 424.159
8415283 346.522
8424417 55.4468
8427109 424.714
8432024 93.7788
8433854 195.716
8439131 464.074
8441410 249.81
8444687 10.8506
8450214 8.95622
8455231 175.973
8458196 211.441
8470693 130.622
8471276 40.5623
8478084 587.986
8478783 295.121
8482463 495.701
8486617 239.011
8507396 202.883
8509156 110.4
8530047 96.0003
8543953 437.473
8560098 331.437
8562133 127.153
8562433 140.213
8563475 8.96612
8567889 18.5481
8572768 463.433
8578536 205.022
8581376 0.699578
8583794 18.171
8589118 154.492
8594444 0.116903
8595142 4.29182
8597288 271.041
8611384 84.0973
8611677 374.623
8621918 16.2004
8623634 229.977
8627050 30.0348
8627172 50.5751
8645888 281.939
8646584 501.716
8651642 40.7485
8652810 10.4016
8654250 103.512
8654817 507.652
8655077 436.059
8667471 424.286
8676970 331.652
8677001 523.002
8693013 107.402
8694408 39.6761
8694612 502.107
8696144 560.133
8705501 4.58403
8710875 248.122
8715142 192.662
8716849 21.3762
8717082 54.6499
8723222 154.081
8740056 17.5667
8741198 206.727
8742327 116.429
8747334 368.975
8748440 153.863
8749266 593.636
8751475 615.816
8761549 290.401
8766107 481.264
8771625 425.425
8781275 163.174
8785438 405.542
8798832 187.14
8809318 477.62
8816146 157.033
8837770 190.416
8840565 166.99
8843335 327.177
8845166 621.312
8851404 271.758
8856540 360.931
8856625 424.975
8860585 12.6982
8862541 6.45056
8865396 295.967
8873477 233.191
8882179 32.4569
8886086 276.136
8893367 264.854
8894509 53.2515
8895899 619.552
8905621 10.3508
8905943 27.5828
8906663 62.2501
8913481 8.04782
8927070 188.831
8927464 167.171
8928684 310.964
8955113 394.106
8958239 96.2337
8958869 35.6272
8966211 300.086
8971395 11.9233
8972194 128.221
8974382 424.515
8982988 217.554
8994254 0.176224
8996597 197.646
9003625 84.6653
9004924 27.6759
9005359 234.132
9020380 267.728
9034839 300.742
9043348 321.958
9057084 561.335
9057580 419.64
9062364 409.751
9070138 78.3123
9080257 231.639
9081033 189.234
9086255 129.021
9087305 34.3091
9090164 366.099
9093766 377.153
9094241 436.711
9095921 104.189
9097032 417.185
9110926 390.982
9115185 8.5008
9118689 22.526
9130686 638.41
9133985 26.5387
9138286 128.479
9141302 4.91589
9146333 242.7
9146501 10.4816
9152044 107.128
9161376 90.1758
9165397 240.716
9167773 194.407
9172602 423.934
9185113 48.9748
9185991 11.3099
9192334 386.505
9197753 495.69
9199469 17.7479
9206205 191.553
9221040 51.1723
9222629 45.6517
9227175 427.231
9227227 275.252
9232839 417.914
9235445 185.107
9235734 287.036
9238265 39.6807
9241851 0.540591
9244914 132.41
9248853 25.4798
9250161 183.593
9252930 417.024
9254674 409.535
9255349 465.769
9255622 319.569
9259246 31.4164
9268242 601.372
9272815 210.173
9288764 60.4266
9288978 15.2566
9289888 26.7781
9295222 190.646
9308259 148.882
9308520 596.081
9327056 217.45
9331097 117.418
9331405 311.32
9332398 387.225
9334766 346.337
9338662 204.516
9345302 244.612
9348544 199.649
9349539 10.71
9367078 96.4445
9369369 192.728
9383030 136.315
9397009 595.056
9400451 263.353
9405610 374.34
9406119 382.976
9410012 505.504
9423859 23.3609
9426028 254.653
9428739 57.9566
9430005 14.2508
9432306 204.559
9434558 336.553
9448105 601.452
9448960 11.4482
9451591 2.02346
9453565 188.89
9462608 193.705
9469464 169.877
9470140 393.474
9477735 622.213
9477753 218.839
9478510 249.516
9479707 410.717
9483801 5.25328
9486605 410.156
9486683 21.1087
9487262 26.8255
9487991 247.644
9489087 208.729
9489312 27.8493
9503156 409.83
9505431 9.72678
9518888 26.7185
9531354 15.3126
9540257 398.868
9548748 84.8138
9552681 184.88
9563599 297.837
9563645 61.7491
9571256 41.051
9573614 366.763
9576536 207.256
9578390 231.768
9585294 1.00391
9585309 505.798
9591361 75.5213
9598036 111.172
9601703 537.301
9602612 39.4164
9608227 21.8222
9608607 30.8814
9608777 0.677534
9616848 343.798
9618400 304.061
9625476 303.915
9626150 15.9219
9627511 308.009
9630716 32.5833
9637833 107.09
9640232 182.831
9640895 4.49828
9646930 407.242
9652043 48.3886
9659181 36.7539
9659965 178.705
9662246 177.183
9669796 69.9419
9678163 29.7956
9679254 343.276
9681365 534.272
9690624 207.057
9692533 530.404
9692702 273.393
9695474 7.11131
9707410 11.9676
9711484 97.0129
9714307 117.238
9725567 125.989
9731561 120.96
9736426 8.24706
9738989 429.821
9739034 89.365
9739040 62.027
9739177 227.93
9742133 200.867
9747375 31.573
9750078 212.19
9757865 91.1583
9762052 61.3923
9764298 294.865
9766430 223.154
9772603 555.755
9773374 364.92
9773670 463.767
9779290 26.8042
9788283 439.178
9788767 90.155
9794015 53.1312
9803585 135.867
9804373 46.0092
9806155 137.343
9809138 416.654
9810561 190.757
9813531 406.87
9815483 55.5749
9828729 240.505
9836543 349.61
9847141 13.4403
9852218 157.345
9867357 308.107
9868854 203.599
9876442 572.843
9883040 219.113
9884589 261.3
9888995 387.335
9899053 326.533
9909297 346.763
9911938 186.273
9929706 42.0271
9931122 9.43435
9934099 413.734
9936485 91.1612
9941920 411.183
9944234 498.363
9944527 509.84
9946016 244.482
9952847 78.4311
9953654 48.4651
9955869 184.606
9956082 137.277
9960330 286.499
9961321 622.183
9964738 192.605
9969011 32.3915
9975940 20.9758
9979338 225.836
9987294 90.4658
9991814 62.7321
