HEADER0:1025
HEADER1:1792
HEADER2:513
HEADER3:32772
9967587 328 
17372838 828 
21599477 411 
62568480 772 
70437240 522 
90473306 890 
97486234 1069 
113477337 336 
130920028 821 
137672140 434 
144818620 367 
150303436 807 
153064574 937 
163039420 426 
181312569 366 
184301636 497 
186288014 318 
195118886 563 
195898150 318 
202691650 400 
204207911 359 
210410111 713 
215857365 421 
216085397 335 
216428247 583 
229327328 698 
239995665 975 
240613060 746 
249980850 346 
256132172 685 
270857143 795 
272805679 1018 
288978173 1223 
295221133 966 
295881415 988 
312512396 332 
313052307 322 
325871813 338 
347519523 317 
355816878 400 
356029073 328 
361557797 797 
364285899 353 
382973713 316 
383897662 963 
408089862 967 
417955017 639 
431424883 387 
433144826 568 
445874508 355 
452109151 1004 
456816653 716 
456972506 306 
483596533 312 
484050362 546 
493668593 363 
494913144 822 
497005827 750 
500984755 814 
503534113 567 
503586304 308 
505707304 1075 
521226999 700 
538227472 318 
551274193 390 
554146165 400 
561854553 716 
563945725 1073 
569452423 953 
570288069 389 
570302924 536 
574417899 448 
577894667 394 
584722472 340 
595303712 -1 
606707283 510 
615654872 929 
632613951 436 
651419257 611 
653470343 986 
653801224 292 
674809251 422 
681509549 329 
693842231 1150 
697351546 583 
697357182 568 
718827472 360 
734572484 733 
766557795 461 
770689211 339 
799270212 396 
810900820 311 
818034997 331 
824591381 867 
826122678 298 
828820966 505 
834911258 1033 
838331761 319 
841102298 312 
867530362 455 
867918543 474 
871924501 356 
894704483 558 
901022430 333 
907909666 297 
919787742 596 
926702019 433 
932069483 512 
939631304 420 
947332523 550 
950942512 375 
965968493 372 
978488960 375 
998304502 292 
1003905600 662 
1013296407 1357 
1026184716 459 
1063594057 312 
15379496 313 
49051607 1093 
50848764 379 
52033994 375 
52250695 385 
73312115 317 
77154565 330 
77213745 390 
78002131 735 
95735607 373 
101780108 784 
105947706 805 
117597231 395 
126065129 480 
127584540 785 
127828327 886 
142129261 980 
150025645 388 
153458906 321 
179512065 709 
199755414 319 
204813367 338 
221365353 333 
232038554 262 
234584806 348 
251213600 653 
253486142 947 
255484960 778 
269602004 846 
278589810 323 
280184917 753 
282431331 377 
285474246 383 
312620628 994 
323920027 962 
325697189 374 
327213854 309 
327521961 535 
331977336 601 
344046127 390 
353948828 360 
358722262 347 
358968572 377 
364248512 307 
373165734 336 
379455091 335 
389507043 442 
389863852 357 
395224363 1157 
417605274 1024 
418365224 316 
423256360 348 
437570508 557 
461617199 362 
469813163 850 
480708673 350 
485606593 310 
496217304 315 
496387765 849 
503784593 626 
506755519 349 
526547042 316 
538256939 536 
557496988 355 
571814726 404 
583357798 468 
587014249 504 
597237692 521 
607458813 740 
621029169 336 
627602971 339 
632816933 739 
642980748 423 
648548636 819 
661032533 908 
672844829 360 
686601373 364 
689181316 742 
693789313 326 
698576981 520 
701867650 396 
718413989 413 
722976765 -1 
727965900 552 
729367099 415 
733743340 475 
750507762 354 
752610361 572 
759656988 568 
766458497 312 
770582144 738 
771378302 322 
775691203 325 
791823853 360 
810914502 330 
812027529 891 
813401809 308 
817148829 550 
850427561 351 
880463608 573 
883608450 584 
888942106 430 
911266622 314 
913387994 855 
918750733 409 
920751034 743 
922426219 389 
922955735 433 
929661174 310 
950368377 314 
962960610 430 
976510187 347 
1005282928 782 
1024644395 487 
1031718926 501 
1043497577 826 
1043814610 325 
1063704613 314 
1066598782 586 
6124883 387 
20098047 443 
27782076 590 
28050433 661 
72896721 352 
87779260 406 
100336431 708 
101450584 331 
103852990 1009 
104655613 863 
108125518 1041 
141010347 406 
143885781 449 
173742622 366 
179977359 472 
187069083 1406 
187868308 995 
188405235 308 
213404587 877 
221570568 549 
244556677 897 
252419647 637 
259930994 909 
288303752 309 
293325699 487 
297289322 376 
298483102 309 
326831354 401 
327285995 442 
332837812 333 
341816503 374 
368204864 1404 
379393363 554 
384017538 424 
387885786 822 
388487822 396 
388562656 324 
388787570 312 
399086131 995 
404961656 384 
407729947 349 
409258752 719 
409621897 393 
427287532 316 
434775138 477 
452087998 347 
454237768 819 
470375198 339 
472223098 875 
473946433 686 
479109384 1040 
480371816 343 
501957818 715 
509097900 968 
512746044 476 
521886005 382 
531496204 408 
531638723 384 
533819185 356 
537402737 358 
540717162 600 
540835514 1134 
563011053 361 
563395149 880 
566602668 317 
567080915 335 
576019914 332 
582006976 299 
585949232 396 
587085083 295 
610811272 1010 
617592695 766 
619616529 507 
640274956 385 
662439570 1144 
665754640 1410 
672153446 342 
673193505 390 
675792665 302 
676275717 352 
677735935 842 
689344922 350 
692262267 373 
697170005 318 
720910357 927 
728990210 275 
731949497 329 
732483766 594 
743838156 422 
749123535 714 
769132179 299 
776376657 408 
778526513 327 
799326298 351 
813789883 344 
815476555 357 
843535306 336 
846279081 352 
846472899 476 
849365027 325 
858715760 510 
871785269 610 
874958738 340 
876298211 451 
877794051 992 
888184395 305 
888253338 376 
898344118 1037 
908849900 327 
909421870 967 
915718201 336 
916393002 329 
919595375 386 
927710192 594 
948056506 390 
950522550 418 
957084245 398 
960323753 322 
967131154 329 
985183824 378 
987973385 458 
993295721 389 
998572161 384 
1034450375 464 
1041675086 332 
1048608926 430 
1058851969 537 
21011976 494 
30947999 828 
39554171 382 
48861125 564 
50352018 324 
62943017 379 
68784510 528 
74394313 1110 
89216871 357 
90288845 500 
96855579 587 
96982154 328 
118466443 518 
132182593 611 
135061141 1669 
147856727 514 
169875393 481 
200468146 337 
209520850 715 
217551439 813 
218881988 277 
219446112 298 
220671795 352 
243535173 316 
252350519 671 
262021717 832 
275846113 579 
277708964 328 
283021246 913 
289721339 291 
333235144 495 
346396475 389 
359921024 399 
366860407 814 
382469215 480 
386087723 324 
393084317 675 
399961322 343 
413626207 340 
422386938 346 
425127373 691 
434418019 379 
437677397 900 
439509803 388 
446041476 324 
450733295 310 
453542190 389 
454213508 1038 
459923860 369 
468666745 395 
468791305 995 
474298431 345 
476125753 579 
478811157 631 
480891442 343 
482497683 321 
498342115 327 
511478980 489 
530455164 312 
543432678 353 
547198971 539 
557821817 366 
563357480 367 
564151427 320 
570234683 311 
577500644 557 
588666744 596 
622459558 314 
635484004 733 
635687161 711 
637813147 900 
646548454 607 
678619606 310 
691231243 497 
695686341 392 
698189492 361 
706630537 343 
722460417 859 
738091167 538 
738440812 551 
739166005 345 
740402312 391 
740938119 349 
749301876 449 
749611261 944 
752772241 310 
755551664 579 
762954980 459 
763297545 418 
766850186 594 
767353420 343 
773959343 860 
775029293 844 
776254507 771 
804661737 330 
819018060 744 
820003095 533 
843876606 1082 
850369381 396 
853919010 360 
867129468 408 
875121479 614 
875166708 293 
880639978 1086 
880731011 463 
891984902 405 
897546346 309 
901853627 966 
917203603 334 
921633188 677 
926539056 693 
928476964 399 
929136034 826 
932072655 1154 
935640725 536 
937118972 407 
946319160 394 
950668905 666 
955266012 491 
964421269 517 
978042342 380 
981310508 335 
981590711 1038 
996283935 733 
1001464308 774 
1004972982 388 
1030330496 498 
1064855504 304 
1071721600 717 
1071919366 336 
5237827 366 
6451967 419 
7222256 -1 
11504890 367 
11595785 368 
17070378 444 
41085978 356 
56242394 595 
61286598 350 
65017124 371 
74677304 531 
84777503 565 
120682142 534 
139154942 487 
140166745 619 
143347848 372 
151746469 360 
156599817 566 
163848799 1014 
201443998 413 
213202187 329 
217551895 431 
225931471 306 
242653157 326 
290351003 556 
296354877 835 
298338258 383 
303236793 1024 
314525847 687 
324126073 323 
330430890 834 
333275312 323 
352547185 489 
374709216 396 
384478199 490 
387678768 561 
400151854 333 
401594189 781 
403803690 311 
412992546 458 
420339033 323 
440306781 1156 
442103141 391 
460472183 926 
460696152 357 
464222464 319 
464493930 555 
476023707 354 
481286036 780 
484332136 489 
484830191 364 
486549131 707 
492508504 331 
498557380 294 
542122515 383 
558911313 356 
575426808 310 
594871082 709 
620069589 1015 
628669437 698 
628876185 342 
636612176 814 
677194402 711 
693440385 333 
700548897 673 
707189924 514 
708950637 575 
726732886 559 
736449378 395 
738779628 345 
740276666 473 
742263020 356 
746639633 301 
750357755 435 
755433161 791 
761444280 560 
771525174 696 
775059139 361 
781543477 304 
786412891 350 
809267465 317 
823142546 397 
825708212 312 
833078346 728 
843722310 347 
860579651 1139 
867405858 381 
876623378 496 
896085566 342 
900225847 316 
903556533 341 
916595399 309 
936123834 757 
950745446 302 
952247582 299 
952649052 316 
984848236 338 
988544943 337 
994368879 681 
995442893 295 
1019663163 639 
1024542622 693 
1024930346 -1 
1033075993 322 
1051707443 1330 
1058434023 459 
1058641128 465 
1060519760 864 
12748859 385 
19210835 499 
27204071 348 
31988086 356 
43031481 348 
43446798 378 
49286017 378 
51153227 361 
54929438 336 
60760612 476 
68069231 915 
77241279 968 
92621708 410 
94158688 350 
112523601 350 
120926259 380 
125207602 405 
128831598 294 
133688409 666 
133874726 456 
150848218 339 
152843085 314 
171404549 1221 
184483852 423 
186566451 346 
189654859 354 
197221118 309 
211162607 887 
222222174 315 
228855159 413 
229531606 768 
233954533 997 
257790344 374 
275134931 251 
280737713 352 
289467822 981 
290725170 306 
292456388 522 
297179383 312 
306618459 304 
306964604 319 
345887980 325 
355061321 308 
360547597 333 
367852249 427 
372982098 347 
379034038 604 
379631609 395 
401461852 365 
406478868 319 
407035847 453 
419048107 451 
432748924 983 
434499332 395 
445437329 568 
452243908 486 
467289556 315 
473439593 337 
475651739 306 
500179546 457 
515778436 359 
520015146 426 
522786430 338 
531218588 390 
539032678 326 
539853585 345 
548243049 664 
552347467 350 
578321156 1053 
580505877 769 
598115157 579 
599027515 602 
599232720 494 
609587953 351 
616926319 380 
628890935 343 
633964909 854 
652370918 927 
656677721 447 
695869081 389 
700885959 709 
707688706 984 
716295190 764 
718396015 830 
718894969 307 
724257195 320 
740508030 369 
744687350 302 
751988755 323 
775130384 809 
780103123 403 
792320119 437 
799025129 559 
804043101 391 
807268923 370 
812749419 335 
815734756 929 
851430877 904 
893255903 1026 
901164467 293 
902955543 528 
907274322 402 
931258878 314 
943729164 1137 
946669711 375 
957027146 368 
964110066 1006 
968767620 292 
976807497 448 
994079066 327 
1007736980 410 
1010214579 504 
1011385300 378 
1017291454 732 
1038805058 313 
1040450160 543 
1042875194 688 
1058875153 354 
1062676862 573 
1073267641 458 
16439691 1007 
17455556 808 
24578819 397 
33482200 317 
42047755 320 
48433730 354 
50887575 669 
59638663 875 
61402515 1033 
73481556 378 
75165046 549 
86560550 313 
87788305 429 
95372181 383 
106564939 876 
108575356 661 
111250734 378 
115393505 719 
133454524 376 
139510481 570 
146389320 779 
155541643 311 
155986196 364 
167421350 310 
168020838 409 
180559772 367 
190206175 302 
191236615 308 
195202009 354 
196579139 983 
217905404 522 
220259454 400 
232028453 337 
232855015 290 
253032420 482 
270405449 684 
280772303 884 
288988161 718 
309951777 308 
335141816 827 
352463999 332 
354991244 823 
372938173 633 
400921375 612 
464224801 366 
465880570 454 
465982895 546 
516278049 467 
517638744 306 
535236887 795 
547577526 404 
551121856 382 
553553131 328 
578232594 334 
602810435 446 
604504808 334 
609898939 324 
619816161 464 
623541987 669 
625449580 948 
636162904 332 
644935050 321 
674369273 307 
685553100 563 
691662597 935 
692296216 828 
694132335 628 
700758387 281 
711080874 372 
713070043 1418 
721318115 907 
727172584 468 
755250831 629 
762469085 1049 
772150515 579 
772171078 821 
784108663 716 
784886177 334 
788035513 349 
795201688 500 
803437059 572 
803486734 782 
810433273 778 
815121821 322 
818538857 340 
825315033 354 
857839156 905 
865847037 684 
873555444 352 
879304756 352 
883254982 405 
894889639 310 
908097666 1048 
921724496 915 
927325040 424 
928554273 358 
942300301 400 
944132377 347 
952194177 323 
999348705 450 
1001262310 1049 
1004301335 455 
1005584078 277 
1008983905 531 
1012651131 310 
1023478601 314 
1045828579 867 
1063836275 310 
1069375911 1357 
735067 424 
19006485 408 
20788681 319 
28376583 789 
50339342 378 
55319719 318 
55460620 320 
63021223 398 
82122963 306 
83906061 395 
85824299 1154 
91385760 916 
91534396 778 
92866313 313 
108915937 907 
116433300 334 
124146599 472 
147014535 645 
148531817 315 
156411407 336 
159164404 623 
161386880 344 
165451172 503 
170731932 671 
172619941 670 
174371320 336 
189917116 308 
194094084 483 
199944763 392 
200145595 788 
228461930 472 
229571040 720 
237586791 310 
238465432 549 
243113493 334 
275105504 1414 
287886416 682 
303825875 742 
322316292 416 
326469565 424 
329245291 358 
348080283 382 
358134212 376 
361644904 376 
362015370 894 
366369566 313 
375168911 338 
381522940 318 
382671427 938 
384397552 399 
387078927 389 
396523831 373 
414413888 317 
416282088 365 
454860974 397 
457086405 334 
457362404 1035 
483145419 432 
487007016 506 
491901349 985 
497782256 853 
503860495 392 
504848028 334 
506672866 338 
511956664 853 
512573739 747 
535951970 664 
539476345 331 
559165334 348 
571877030 309 
572198753 305 
572211330 386 
577643451 701 
584902496 752 
586890882 577 
589545384 754 
615124126 571 
630540576 370 
631986547 317 
633958851 432 
647995179 330 
656785092 311 
666080897 497 
667209589 353 
668851346 497 
673722997 340 
680737203 661 
685906682 674 
697983039 404 
701266002 929 
710091836 379 
727320981 591 
758011616 403 
770953029 402 
778701867 647 
781327822 336 
791177932 375 
799246596 294 
804135582 397 
815452137 508 
821639738 769 
826528721 900 
835826709 371 
841982221 -1 
862692043 600 
867342355 350 
899978049 828 
916528254 591 
924285935 317 
933361415 366 
964309957 352 
984060694 963 
985582382 590 
993882456 365 
998040640 526 
1018547289 366 
1019320717 968 
1023537800 348 
1033035132 304 
1040193741 643 
1041677444 301 
1045262407 309 
1046818269 506 
1069396320 325 
2949255 318 
11330276 843 
49169014 1001 
54614921 679 
58545749 321 
65436000 877 
66509656 422 
77886659 319 
79187695 330 
83930050 856 
88701956 917 
88923156 1136 
136864564 428 
150197867 683 
153147171 498 
153220260 344 
153785191 947 
179204702 310 
188598755 431 
217176263 386 
218019457 921 
222549808 322 
224278138 318 
227666925 367 
252917716 323 
273248297 331 
281120252 419 
290852358 542 
301346782 305 
314811415 425 
328591788 861 
329688901 962 
344910412 686 
366871302 943 
372568127 341 
390967751 326 
394834406 295 
394925609 400 
395547554 604 
408567720 323 
418021408 761 
422853193 709 
433066487 482 
438017549 360 
440581481 326 
443973238 342 
466662964 623 
466881408 360 
474377504 306 
479035230 336 
481164124 475 
488074047 1062 
490594047 979 
492086108 383 
505551420 351 
509586403 774 
510788415 848 
520790686 331 
527742563 315 
532841759 398 
534231537 330 
537013822 484 
537251846 795 
543835954 321 
553189826 376 
562935829 314 
578586851 365 
579692186 356 
590396496 315 
600328055 610 
612463403 382 
623358144 364 
626835663 924 
634855675 482 
653199353 553 
653223438 790 
664161457 520 
669387347 361 
687116666 379 
704146791 542 
738858053 363 
741632583 607 
755439615 617 
778791136 797 
792264634 470 
800666387 340 
810193203 346 
819292271 469 
820693877 359 
823477974 325 
836713660 905 
837764093 507 
845482685 429 
851688980 492 
853846094 334 
856343567 486 
859432536 505 
862922396 366 
881099094 924 
888235909 350 
895832659 352 
895884074 340 
934353925 316 
945568663 357 
965058597 303 
996843978 453 
1005787285 465 
1006076419 315 
1024531162 779 
1036720874 457 
1042229399 439 
1042899766 305 
1055318103 799 
1058165601 737 
1064636648 533 
8703264 401 
10611990 401 
13940953 336 
17572523 728 
42289274 447 
50706037 550 
66969771 357 
71325424 336 
74866308 323 
81359080 862 
88014478 391 
91173633 326 
118716385 880 
134493873 305 
143537289 355 
149949520 615 
176160798 328 
176781914 631 
177859045 336 
182275290 388 
190566094 339 
204953043 331 
208710377 339 
220811748 787 
226530465 396 
233544722 384 
238319900 381 
252182482 348 
269289617 316 
273840791 -1 
290954622 313 
295849875 387 
313516765 691 
316112037 370 
322583652 625 
328280921 444 
331530433 786 
331954532 325 
332668123 339 
355209472 466 
360969518 484 
363641740 362 
399504826 373 
411868942 668 
414951610 296 
424526401 308 
436709772 341 
441633249 316 
457577602 353 
457964010 1008 
461185987 676 
461644999 509 
474471588 448 
475138556 443 
480501659 458 
480580074 537 
485809629 444 
496094187 349 
503101696 414 
514732982 337 
518981934 344 
520940428 344 
531743660 688 
532218746 837 
534676420 517 
535098528 981 
539455329 349 
552509845 712 
553700934 398 
556795703 1222 
564783209 336 
616490220 311 
621458696 325 
630111202 596 
633378456 450 
660093748 369 
667176500 366 
671938483 350 
699224045 388 
699647058 625 
701051864 338 
708229960 308 
733022427 358 
735015366 610 
750256343 305 
754987278 375 
755330218 330 
763982306 603 
768119553 638 
786043978 315 
806694243 451 
822003464 315 
822846238 317 
822992545 319 
836323801 615 
842974084 325 
861540468 755 
865401068 452 
876780368 400 
885294852 569 
903101083 360 
907319204 305 
907509269 493 
913112366 525 
932643824 450 
968599306 366 
968754610 1005 
976601896 496 
976890510 -1 
977388993 853 
991378189 347 
993226413 570 
1001192397 349 
1005865539 332 
1015293494 365 
1021954142 319 
1027962541 1096 
1040698802 307 
1053505518 593 
1057281973 365 
1058962761 392 
1061680893 399 
1063137691 332 
10029652 702 
13274155 443 
15309965 357 
22420378 323 
27688361 323 
78091411 325 
79554388 317 
80431348 392 
88275543 399 
103224536 320 
108591708 977 
114093378 1072 
131188152 371 
132522166 355 
133475074 852 
146545467 774 
153837409 615 
158088941 507 
165476760 1314 
185067708 318 
199289606 328 
200262562 538 
203737881 430 
206298770 369 
222543553 1690 
222655951 897 
233296161 484 
246594426 667 
276897602 1115 
288792147 337 
298828964 565 
306799955 292 
308925371 457 
313212864 499 
318521615 524 
320891123 810 
322322261 409 
331584280 343 
333771226 327 
345266859 757 
385050311 457 
405128221 1084 
414519889 329 
424150865 380 
424489448 360 
429347938 306 
441678816 765 
453647531 408 
460635481 975 
496071939 330 
502752702 604 
509362235 472 
511994863 351 
515534607 737 
526119580 339 
543177185 -1 
543344818 314 
551807767 539 
558433183 985 
614572019 839 
631560706 733 
659889948 339 
678364067 795 
701493651 327 
708174847 446 
711308116 517 
714963372 486 
718447524 359 
735333556 326 
743433164 698 
747927852 -1 
749607129 435 
752345791 765 
754632892 311 
760455035 517 
777504028 771 
795305335 417 
797042768 342 
816049415 731 
816107982 783 
826541650 334 
839818468 352 
841661242 513 
914893503 305 
920121227 358 
938101946 316 
943533722 404 
950775442 304 
954989976 520 
995694101 340 
998216126 492 
1006444366 346 
1015849277 366 
1018581551 326 
1021652355 361 
1024829327 836 
1039351809 769 
1048057825 507 
1048468060 560 
1056951676 471 
1067034933 316 
1068816313 333 
8103797 1072 
12378451 615 
13020169 315 
37591347 668 
45516080 350 
60935028 398 
84266725 1097 
99711350 350 
101868860 754 
109031959 361 
110964888 342 
116703904 694 
121080027 629 
124319289 880 
126885450 362 
129418305 358 
135590616 370 
153462731 1069 
161746991 850 
175003034 347 
181487304 683 
184338208 415 
188178349 365 
188420714 510 
191427540 350 
202130950 336 
207932367 468 
234788085 303 
274444642 309 
293154392 324 
306479423 672 
318612076 329 
322732547 315 
324742887 330 
347181621 630 
350621055 1073 
354144367 355 
359195228 592 
393515891 537 
393569134 663 
402893677 399 
405896314 331 
420958034 347 
421069319 333 
437226266 981 
441744160 345 
481502133 463 
487616775 306 
489006783 978 
489207764 694 
498334069 403 
502879600 1320 
515527722 396 
517277265 593 
524119993 604 
528684335 325 
536085263 339 
562538957 383 
564156811 612 
572013564 514 
585777733 657 
615145689 316 
631290336 790 
634285448 569 
655191317 390 
677504236 400 
683272932 477 
691497060 -1 
703388024 677 
704259624 349 
712145344 305 
720890856 296 
745894459 344 
748296477 681 
753161794 483 
772194738 370 
779054590 321 
794168554 369 
799388907 336 
811280181 341 
817559881 308 
823939882 753 
825153168 315 
826154048 2056 
827532043 334 
850785989 591 
862580230 305 
865077986 559 
876953943 357 
881725558 325 
893283395 352 
896949196 675 
921757236 369 
924995582 315 
931926331 377 
939143368 1416 
967806566 316 
989610716 362 
999418538 365 
1016669809 647 
1017184762 313 
1018873992 329 
1019397939 362 
1034867717 787 
1037864027 333 
1039409947 410 
1044767857 2414 
1052790948 312 
1055395464 327 
1060243137 309 
1064740500 624 
1065098254 347 
2996978 456 
9743801 849 
15734258 321 
19651713 325 
23069833 960 
36927268 708 
43588502 727 
53707912 331 
56822776 307 
60784271 629 
61038233 675 
66904422 342 
74376263 331 
95651105 393 
102230597 637 
105585166 396 
123462133 387 
134277737 835 
138723894 326 
149093112 -1 
154143629 342 
167681775 304 
172816694 314 
181457308 369 
192548358 481 
205065799 889 
209397532 318 
210035369 612 
226884737 1115 
232746892 795 
233772155 328 
241365849 408 
251039421 307 
257646171 381 
264500282 460 
265548718 496 
269004930 377 
269178405 631 
280933271 893 
292608675 327 
305697967 313 
315809246 809 
321635013 308 
334583413 293 
343018574 810 
354348843 992 
357678064 754 
358163625 787 
387130859 422 
388914072 455 
391447014 1050 
392060854 655 
393820114 396 
413246801 982 
414667775 350 
414765236 445 
417388914 835 
422537692 308 
434225917 308 
449544190 378 
459216060 372 
464988498 290 
466043784 401 
469598965 323 
470340843 305 
474140515 311 
493594384 365 
496508330 501 
497650408 345 
499724013 676 
501985958 312 
510010673 486 
524594646 725 
531657494 828 
534733314 452 
539106909 343 
541152524 655 
560194342 622 
570316985 366 
586428644 368 
590947706 416 
594353628 328 
605293228 615 
614540069 780 
617246238 864 
631459907 319 
634326727 317 
647636635 317 
668592751 373 
681476243 393 
683455140 910 
687576120 364 
706636949 350 
713448578 580 
715561651 307 
729275914 674 
755625768 377 
759378820 554 
761843470 682 
768740968 728 
792340643 672 
800853403 688 
801179840 517 
816839831 373 
818530912 968 
824245786 317 
844722292 423 
845340952 345 
847086640 314 
852262138 793 
853713093 311 
858460391 335 
867738648 304 
877107141 771 
889950412 328 
894430180 391 
896658311 451 
899329177 339 
904349246 329 
908317802 412 
928741490 690 
933250904 518 
979748459 1005 
985077336 669 
992982840 781 
1004219612 330 
1012906573 399 
1016478020 470 
1019054874 412 
1026105881 364 
1046433683 545 
1055212938 794 
1057382792 368 
1060301748 1186 
1060960806 936 
1064206319 719 
1064464311 318 
1068123956 379 
1068383750 340 
6503278 337 
14173595 411 
15305826 293 
21940667 712 
29935278 314 
30632328 945 
30766196 327 
41051486 383 
79584491 317 
83211389 427 
83327457 310 
85084244 512 
92656952 735 
125982173 421 
142499549 471 
143438164 602 
146879720 361 
151318728 414 
154068264 382 
165349129 418 
166986981 617 
177330264 1004 
177883248 388 
199859059 891 
226409386 344 
252828487 330 
255210984 341 
257871490 347 
261946132 634 
263677683 693 
281655277 604 
289967851 647 
298927615 375 
311848766 334 
320072721 467 
349809165 388 
361151070 913 
370466366 330 
399953367 430 
403317196 752 
410582183 762 
411790809 358 
432266079 348 
438938250 421 
463877955 318 
468038491 405 
493876201 335 
502200282 641 
516956023 1051 
524231887 563 
524325885 382 
530542789 363 
544578535 404 
557618986 504 
563382583 -1 
565102359 336 
567234308 609 
571060526 326 
583361065 686 
593553481 528 
594695087 289 
596862926 499 
600844851 735 
610872743 331 
613207714 373 
620509459 456 
622392786 675 
626727719 -1 
628491827 319 
642700545 1016 
648945121 569 
652079369 357 
659515467 402 
688811421 315 
688933665 838 
693920094 373 
694166594 355 
695941910 355 
696317517 437 
696717025 978 
710548991 772 
735716281 379 
741063616 494 
743437235 439 
788043518 1136 
800229162 641 
800314968 543 
801768726 515 
804722409 574 
809641687 324 
812577976 701 
821716114 654 
832708317 309 
836123544 388 
843306150 804 
854891047 754 
857076495 401 
859158119 368 
880224384 553 
883876978 334 
888773581 1023 
890567578 412 
891521920 708 
895463756 352 
910249366 426 
941902981 333 
953208233 329 
959085745 769 
959099477 340 
959361504 315 
970491758 446 
973974971 631 
975013145 1085 
975998321 546 
976498592 309 
987915937 505 
999935705 779 
1000835737 849 
1006044006 781 
1007362440 307 
1026754362 826 
1026829548 373 
1030986119 747 
1031304078 550 
1061130092 385 
1068998361 982 
18352196 394 
23137273 336 
23587688 326 
39709630 692 
60704886 322 
63447242 353 
67398601 377 
71346310 766 
79699586 551 
80646911 316 
124771699 673 
131649699 338 
146137651 357 
166579001 326 
170789560 522 
183040660 518 
183412331 982 
183509896 392 
192730353 304 
203576916 452 
222188040 493 
235821328 312 
237385841 731 
248674905 316 
263392037 430 
276980873 326 
284358822 381 
293737971 446 
294993105 663 
295041878 949 
295954599 354 
296924018 307 
298813352 311 
314100840 697 
317292017 447 
317834671 334 
320990462 464 
322217064 1621 
323215015 490 
334273481 413 
341536420 1897 
341873077 619 
352066510 881 
355289353 352 
364987275 328 
382845295 321 
387867500 320 
402953117 360 
406742871 314 
407104386 319 
410046436 358 
416095084 715 
440545766 311 
447004022 338 
452944196 739 
455332502 418 
468993662 315 
480396575 1123 
481581192 296 
488579175 315 
524568046 486 
529609159 334 
558026125 347 
559870270 312 
580890642 328 
582551985 331 
582897759 352 
593089450 688 
648782040 644 
654386564 541 
654986395 460 
662221331 466 
684946403 353 
687628301 374 
698325834 331 
704167517 485 
725095662 464 
728874170 331 
740123385 851 
753208759 343 
759770104 381 
762141790 806 
801249106 365 
813664374 318 
817663069 397 
832383026 319 
839401287 383 
878998627 506 
886691510 599 
904152623 338 
911165960 408 
924302646 425 
938407232 355 
941224159 554 
974154345 595 
1002482225 351 
1002590974 952 
1003149569 325 
1006365781 535 
1016237866 465 
1038051419 333 
1063971838 471 
1068798879 317 
1071418344 407 
11681139 584 
28434529 565 
32763494 849 
35523297 719 
52752337 360 
55229002 336 
75965569 306 
98859006 352 
103839731 396 
107709568 387 
121448203 479 
137327452 935 
139580552 318 
142003176 357 
144020238 799 
147997603 392 
149198051 1126 
153754088 679 
178938297 469 
179172184 750 
188153025 339 
190872327 453 
194663768 335 
200420830 617 
202892077 334 
216254129 453 
225926728 306 
233728470 496 
235660626 500 
241789605 597 
256625688 516 
262897802 297 
266344351 383 
277019433 559 
298556085 413 
300585673 297 
313304122 365 
318002907 400 
322368066 845 
360409424 294 
370689275 977 
386671374 332 
387315673 311 
389011753 1390 
389198309 313 
394913732 776 
399451919 556 
401152190 320 
412468428 330 
422035521 404 
432353287 406 
435777346 328 
448810575 493 
449000216 406 
470025679 326 
476273501 970 
476302252 608 
480184866 408 
482243121 611 
483343107 413 
491509544 471 
513448037 568 
515417453 442 
518670335 374 
536376312 326 
543138945 298 
545239371 403 
559208952 553 
573654882 334 
582337449 361 
589124209 492 
617274976 998 
622732972 309 
624312101 369 
628912033 816 
631126158 796 
640326194 420 
677861502 870 
692780098 305 
697245411 349 
709019353 337 
721831088 566 
730172975 791 
731556622 535 
737905155 732 
765504134 457 
765565962 324 
766941346 418 
769847479 312 
774242316 410 
782642838 357 
814667316 575 
822876588 319 
828940150 336 
830032505 399 
831236722 318 
874772968 954 
878064694 365 
878739433 763 
880750952 1358 
892455425 488 
893290112 393 
898967023 339 
906772691 823 
908077618 460 
909518201 344 
928525003 385 
954653787 632 
967399703 920 
968309994 760 
970475420 635 
972018277 923 
976403482 549 
978496171 331 
978640054 504 
994524176 345 
1006268901 425 
1006684939 364 
1023081022 326 
1042313644 662 
1057403743 317 
1064666324 580 
1539876 557 
8720975 995 
13482477 524 
26223039 405 
36533589 520 
44079373 332 
56668135 400 
69235868 330 
69758724 362 
105027160 550 
106213975 439 
134927781 817 
150679958 322 
154888444 306 
154945177 349 
160638213 347 
162210772 -1 
162758509 304 
166809586 404 
172223528 758 
199978402 401 
202401684 455 
203030026 341 
226686438 356 
226866781 433 
230945845 681 
232581555 368 
257824188 315 
261940067 802 
269019268 319 
269443693 1016 
269607351 376 
286584767 588 
292108714 325 
314010133 887 
329755231 452 
330870884 927 
337567561 362 
369961296 642 
393392328 777 
397973497 470 
404544632 662 
411919271 367 
412070308 586 
414252368 353 
415800207 869 
422139774 323 
423376692 311 
431255624 347 
447352511 330 
447411938 1036 
460617307 727 
482832156 397 
487392560 386 
490016832 1165 
499880124 268 
518133298 329 
527011164 321 
529410714 635 
547884292 385 
571120789 652 
581313687 445 
591043587 631 
600127704 819 
611132089 1051 
611191141 492 
614561066 527 
632924217 705 
633226227 352 
660460175 689 
674319488 376 
694918852 872 
704650956 398 
713499179 906 
720887706 653 
755514570 423 
758433873 346 
776393099 900 
779890535 378 
787627050 653 
791705871 480 
801750359 516 
814718501 422 
820579865 420 
828431425 955 
836035917 640 
837038452 866 
840006483 328 
847082613 354 
853616776 433 
862596585 783 
875070740 859 
882126536 568 
882245470 1207 
886340652 387 
899058291 420 
902960567 437 
910351329 359 
933394229 320 
939856513 321 
955254817 331 
959837091 355 
976518714 326 
976781132 312 
984918374 753 
987291903 332 
1005285442 590 
1010550715 365 
1017054173 307 
1028783649 464 
1037095517 388 
1042580464 337 
1048612590 918 
1053473761 653 
1056652679 634 
1062082216 1406 
1064813783 409 
1069384619 634 
13848222 322 
16465824 530 
19004211 347 
27361662 760 
28702383 481 
32884692 316 
111367418 372 
118680682 714 
127002740 316 
128816964 453 
131637824 340 
132274862 355 
136748624 302 
140011056 429 
141426865 433 
154312059 592 
175445367 716 
186970984 313 
201541507 641 
205090154 320 
215697252 329 
233193571 554 
238695733 863 
247304544 317 
253212620 900 
271024567 361 
305229696 857 
316738978 315 
323471517 354 
324347910 924 
339581151 554 
340447267 318 
345471135 365 
350455287 351 
374389635 351 
383927591 322 
389461705 325 
390555178 380 
421765937 808 
426122819 369 
439905887 355 
447782965 1385 
453423095 360 
458445756 713 
481218023 341 
498457528 471 
501396040 338 
507944447 330 
514453092 304 
516198618 -1 
520210035 320 
524453796 1089 
538214917 547 
540342845 398 
545135806 358 
545816445 412 
547002764 306 
548208391 338 
548452603 373 
569141878 322 
575048543 649 
585481172 697 
598224868 -1 
600226966 428 
600507482 365 
601023057 310 
608352447 905 
615178051 953 
617886300 363 
625648744 414 
630656322 348 
633581312 339 
668114800 550 
668268713 842 
678123362 894 
685928804 1140 
700872741 798 
702263490 362 
710050722 326 
711590977 1048 
712624376 436 
713499138 728 
716578886 332 
718399932 289 
754838792 363 
766622059 875 
768149504 311 
781926282 310 
790187278 328 
806777603 834 
814419513 391 
834464203 690 
838307167 400 
869277814 332 
871720836 553 
876097458 309 
876584476 790 
879154788 298 
879659939 -1 
906552839 582 
917692558 1037 
921230274 531 
941065166 353 
944509942 373 
959082555 304 
960388036 885 
983730993 883 
984183723 1459 
1004760107 332 
1022372470 412 
1023597726 315 
1024804936 920 
1043940960 708 
1055746012 502 
1060406443 326 
1065351854 484 
1065958884 351 
8436439 580 
19878497 352 
20105295 357 
48471745 322 
49455592 1048 
49805368 369 
53965375 -1 
58302713 363 
70539756 551 
88089948 321 
91093130 401 
117852337 475 
133078327 989 
146526089 379 
167933561 720 
172450611 415 
183339393 470 
201453595 1104 
211021865 504 
211771712 604 
215264935 639 
228399834 464 
243296883 427 
248236574 426 
262628978 290 
274800363 336 
276406181 605 
290022205 393 
292470762 481 
293490936 986 
299062817 701 
312099928 371 
317503502 438 
333425142 318 
354174266 356 
357334681 300 
366294756 879 
387191134 495 
399155076 1182 
400047491 400 
401780244 290 
409402158 352 
411239102 353 
413722544 1901 
418414799 648 
419954952 1066 
441770073 345 
443325960 1005 
450914512 372 
451392552 386 
463987273 570 
464073027 900 
464533414 591 
468376521 379 
471315704 -1 
474887052 351 
486396031 848 
492781531 350 
493337313 838 
500234923 333 
505613088 342 
522209465 355 
529928837 451 
533563563 754 
536882822 935 
538019175 340 
552919179 803 
576181744 318 
576549673 603 
580838452 361 
583712196 327 
592299934 334 
597415488 327 
597802015 357 
620963709 366 
623027406 416 
626153621 615 
639183334 464 
647694227 397 
658682433 302 
679445626 389 
685314589 424 
694754806 326 
696657461 315 
706800297 776 
707627873 913 
716587803 294 
723206856 308 
729911876 644 
753044545 763 
759659882 303 
764137149 598 
776511757 296 
776673298 378 
777575104 345 
779306505 310 
833131029 372 
840846733 355 
841760785 561 
861057878 459 
862107369 473 
863374131 305 
864977025 337 
882531758 347 
884597381 579 
887689868 444 
897923769 572 
913483552 517 
915953223 356 
918917719 321 
936199065 396 
938359371 -1 
945042345 328 
959606979 322 
968349344 379 
972279665 334 
972568089 357 
977471323 980 
980058227 328 
991380820 334 
999859688 317 
1021321840 318 
1025668056 901 
1029549932 387 
1031360022 361 
1049161759 308 
1053614065 351 
1068052105 474 
1070435161 336 
1073239905 267 
2008974 651 
15031828 381 
17447191 485 
18189996 352 
25145019 396 
25703564 382 
26205324 372 
30241240 332 
43133429 420 
47650218 360 
50998789 358 
55651924 509 
58902683 293 
68429956 444 
99675961 409 
100207572 247 
116158919 984 
129511906 964 
148220377 316 
149945719 870 
150871091 331 
154304008 483 
184596822 1069 
195737994 873 
244681042 372 
252106585 898 
254983157 434 
279053429 784 
283752625 310 
314399002 1029 
329820824 672 
332181014 919 
336099639 1139 
343485687 776 
346961254 304 
366608447 514 
372452476 334 
377280669 313 
385253761 386 
389124661 367 
398773784 300 
405177931 556 
411257765 523 
412309756 540 
425511294 676 
426875081 662 
431857823 331 
463152280 457 
463307915 648 
478292062 356 
490453334 421 
492458279 367 
502837213 410 
506137265 585 
508151644 372 
508315383 484 
523307310 459 
526265847 399 
528147937 1011 
529223014 306 
531600587 322 
556026128 500 
557448171 567 
564373416 425 
567398987 350 
570198519 475 
575853263 539 
586517980 380 
588181792 570 
594966623 452 
595749261 509 
616589096 -1 
616920310 372 
619030665 853 
622024045 330 
623413680 376 
632650310 305 
646496537 426 
647768647 976 
663590363 361 
686250173 320 
689498713 914 
692793093 385 
714638075 592 
733650846 511 
735656649 482 
786182384 518 
788710741 356 
791429948 599 
811894450 -1 
812427193 983 
814575209 417 
838681012 868 
849274269 367 
863543429 320 
887482764 404 
894556936 539 
909534447 870 
935955037 949 
948825069 948 
958936962 436 
998763894 515 
1000876102 507 
1015000361 558 
1021406571 944 
1021884017 516 
1040602065 312 
1041925489 321 
11356804 660 
31902144 358 
33779868 467 
54393637 872 
55614726 455 
91120402 413 
92053250 332 
102258770 311 
110472838 436 
119184561 833 
127894017 362 
128100524 415 
147765539 638 
168470453 332 
168799234 370 
183464049 825 
195179574 325 
205975863 410 
233586092 327 
241053110 312 
267755438 609 
304117469 297 
309805612 757 
333551723 315 
337330554 317 
345550547 341 
352320088 373 
353706149 326 
355056091 1042 
363792971 327 
365221323 941 
374785138 1411 
389444482 871 
400860288 508 
405302487 1039 
411764052 573 
451916818 396 
455704484 320 
461833873 350 
463468523 641 
469447339 446 
474086702 359 
483319864 644 
484000354 397 
491912430 674 
492190823 355 
495570838 352 
503253665 282 
512464926 506 
519272900 499 
528511574 363 
538082681 958 
560836273 1063 
577205953 693 
585543906 974 
590303158 614 
600775470 363 
608347603 784 
624156531 325 
633236631 324 
642226384 324 
657429036 315 
659857905 353 
661180637 721 
668329726 361 
675047427 359 
695311559 387 
697352376 330 
705556958 877 
711067935 641 
715397958 288 
716652842 1166 
730363918 424 
732208117 907 
739012019 722 
740676820 328 
770575747 308 
777542253 340 
778332275 446 
781681991 566 
811380570 492 
816331473 811 
817780965 918 
822747741 331 
836544448 989 
856673277 716 
867464595 350 
869737641 402 
885606133 409 
888297380 308 
900771819 428 
909724191 466 
915589958 353 
918803289 473 
923707344 901 
928602768 327 
932719059 293 
941438843 305 
941501293 940 
943694386 476 
956069840 313 
962724244 694 
963775103 342 
969313683 1121 
971436145 338 
979701442 376 
982127097 755 
996801274 322 
1003601938 694 
1004530706 455 
1008340551 319 
1015102800 380 
1018632034 1092 
1021438890 364 
1045331694 304 
1062382688 676 
1069532825 280 
11503784 549 
49609110 379 
52379417 362 
72850625 317 
108278848 315 
110335795 357 
116771025 475 
118828761 588 
124834873 393 
134522166 295 
140283624 617 
143462634 876 
152761171 313 
152875348 333 
166442264 322 
173575613 351 
200221926 521 
201201162 826 
204038585 327 
245422674 303 
261684312 584 
279497839 305 
294996547 902 
330449531 348 
334092131 363 
335050779 989 
335904005 733 
336449044 361 
340962389 505 
351643549 327 
363256392 313 
367649362 332 
368043447 366 
384242398 308 
397103561 382 
409395419 391 
409559571 354 
414181145 319 
421780218 323 
430200206 358 
444078925 2061 
444373110 380 
466843921 625 
495510075 333 
500287839 568 
507780597 511 
508603950 393 
524128775 961 
534491297 335 
536847922 349 
544973615 1094 
550438862 469 
552794135 356 
562942647 367 
565620729 974 
575475587 390 
576374120 400 
588457094 359 
596255112 325 
600769460 325 
601808008 311 
612906036 474 
619871571 467 
626077044 710 
647153636 463 
656992475 687 
677288724 918 
678445569 319 
694099790 404 
695740480 325 
710776343 338 
714303050 694 
723015456 353 
737269211 606 
746147701 413 
765053292 467 
780053083 328 
819822419 402 
820101997 1017 
823314528 591 
828437048 308 
843518324 553 
867144866 313 
878887298 401 
890820387 311 
893266239 1023 
893399701 365 
929660321 331 
934957427 292 
935632290 956 
941143992 689 
957646372 868 
966498738 404 
1018179003 330 
1024328822 401 
1024972132 449 
1047916215 333 
1050805280 896 
1052982898 637 
1067944633 631 
506936 367 
1917324 1033 
19615573 585 
36766609 363 
39089007 300 
60938510 332 
63290118 340 
72536841 340 
98660574 258 
113625459 552 
124659329 749 
146841229 319 
149642405 583 
155938209 365 
158994702 665 
162919908 496 
173582579 783 
174316166 698 
176698333 641 
220419773 977 
220755714 613 
239538455 342 
240049539 667 
242220190 655 
242746991 859 
258959190 890 
271370018 460 
278173727 335 
309441529 705 
316908582 446 
330537430 508 
331688679 315 
334030646 436 
339959571 328 
365369777 367 
365918404 333 
366729566 456 
393452908 610 
400598893 306 
405951870 327 
423826080 321 
423922970 380 
425847333 399 
429746560 896 
437530435 351 
444934560 314 
453716106 362 
458118092 322 
489517516 329 
491142938 493 
494233858 364 
510693945 714 
511430785 952 
514997929 361 
518942857 321 
522639003 657 
537431711 317 
539749016 661 
551049964 820 
567693482 658 
577130866 677 
587512110 638 
588326005 881 
596626807 624 
616282573 359 
632729873 772 
641557618 295 
655634404 343 
668297424 627 
679853259 640 
695528153 324 
714218408 372 
730896946 325 
731644086 310 
733938098 367 
734596339 453 
734869900 342 
741269597 325 
745866473 444 
770089639 324 
770196668 412 
772562166 375 
773727588 898 
776198795 304 
796378462 488 
805835510 423 
812643613 348 
827065501 319 
836790378 343 
839648654 306 
854760376 492 
864788207 305 
870055565 702 
899706195 331 
900819882 759 
916765429 357 
920443412 475 
920635618 309 
924537081 486 
935704814 695 
936154189 347 
949946456 318 
950608343 310 
965037930 349 
967774425 506 
969940888 340 
976475790 318 
984561042 1322 
987147378 306 
991202163 335 
997369111 673 
1010440716 350 
1013210916 367 
1016218036 316 
1019102861 497 
1025495949 -1 
1035128691 499 
1035644658 433 
1037642652 326 
1048076380 314 
1054015149 399 
1057777079 400 
1060959077 797 
1066679677 419 
4468779 393 
6988110 764 
17933167 877 
27197719 569 
29503033 341 
59412755 -1 
79676498 756 
91858976 386 
103149928 329 
133043123 300 
138000572 -1 
158646881 591 
160393757 421 
184262856 374 
185358146 653 
201534508 954 
201713377 309 
208927208 381 
216862178 527 
218432370 574 
237021252 1047 
266733457 325 
276933805 765 
298669718 806 
351582976 606 
362879936 873 
367599513 462 
375017738 553 
379607626 323 
393826375 377 
401999886 798 
428408306 481 
433045601 471 
436821450 507 
437792973 394 
453628685 657 
455652287 372 
466034401 319 
485861092 335 
497621402 409 
498229241 327 
503044307 463 
503611371 355 
505137765 394 
505687156 582 
509871285 585 
527204328 341 
551885714 411 
553749960 370 
558769551 356 
565360794 342 
571193867 801 
573857014 674 
583967414 325 
586272486 317 
587315707 577 
634763176 325 
636153414 332 
637516488 383 
649569038 527 
662698640 615 
669992080 610 
672809076 359 
679931122 337 
688315634 -1 
693832569 506 
715611982 334 
738787231 390 
757358132 638 
760956629 395 
769642596 629 
777136354 428 
781943791 739 
790254397 577 
799376394 558 
812820123 314 
824172244 320 
837097748 734 
846770194 535 
847491889 297 
851455655 1163 
863582461 394 
863960673 385 
871375039 431 
888574874 494 
895965813 937 
898447117 354 
908928960 -1 
912600019 966 
922675627 387 
943130749 411 
949087963 1080 
979898088 784 
1003892957 997 
1005395446 339 
1011990910 315 
1055808735 368 
1065733908 329 
8558723 828 
11864234 714 
25405539 351 
33280847 665 
39326432 373 
43628740 325 
60514452 917 
64374547 363 
70747672 755 
84661730 304 
87435325 384 
89301601 780 
92488251 402 
111061364 330 
137884516 327 
138219486 361 
144620970 1087 
151678636 458 
169318803 956 
179978136 319 
182781479 554 
197094342 340 
211097650 321 
223280548 366 
233275106 342 
234221060 354 
237815937 723 
240223107 675 
263978441 451 
268301051 332 
283457599 506 
301113557 940 
305921582 599 
323769268 749 
328463512 318 
337724043 1381 
345984296 848 
355174592 603 
374337943 661 
377536232 324 
387559815 625 
388969084 662 
399031487 338 
407998434 584 
426534672 853 
434402630 328 
440542330 739 
459654666 982 
464404325 344 
485791924 301 
525232631 461 
526769016 317 
539119623 328 
539778654 805 
541854741 393 
590991305 389 
596467726 507 
605622165 389 
614695917 509 
637130281 473 
643336259 515 
649496723 382 
654759458 530 
656122589 325 
659546748 542 
663720708 551 
664469455 355 
682440420 403 
683647178 345 
690965907 443 
694925389 315 
699077218 352 
700732132 337 
702044582 309 
707240389 355 
711781738 810 
730539100 881 
739031399 535 
740549187 352 
757066040 561 
774262684 543 
776457987 344 
777983084 361 
780835976 937 
786313036 336 
795233967 358 
807763227 969 
837383484 655 
853779353 334 
860425552 381 
870737499 318 
888895263 486 
905723274 473 
911783632 349 
915730626 320 
920039978 610 
926331246 501 
927448584 418 
936889239 641 
949007378 567 
968760244 309 
982752431 365 
1002038145 409 
1015393884 1023 
1021194811 352 
1025186183 1062 
1027559566 351 
1037201697 855 
1038944320 360 
1040878012 355 
1073035488 1008 
2889314 320 
20288102 419 
26611879 369 
26717358 732 
50315227 425 
57937738 587 
94800361 659 
100387169 463 
113841672 300 
139473038 897 
162886272 624 
168773151 375 
174902898 440 
184264568 330 
198557415 1058 
209856391 1221 
214527383 314 
216693956 321 
232311310 330 
243343388 423 
247576366 312 
260400920 518 
277481610 898 
292543886 308 
295797500 909 
306525445 413 
309990143 1430 
314111747 331 
315227517 399 
329787514 312 
332175086 790 
336242660 323 
336642295 648 
340478438 881 
383028729 -1 
385804688 344 
391741830 312 
392874120 678 
417797632 301 
449114784 376 
457334030 334 
458195684 394 
466236642 412 
484450301 394 
497019717 313 
503562219 310 
510586454 582 
534258913 309 
540433693 749 
540535092 321 
543393132 369 
550729541 392 
578435707 400 
606190662 634 
628517293 439 
630012518 300 
637556371 311 
654645979 896 
667431044 319 
670364514 394 
673290582 313 
673765566 342 
674448876 368 
688933292 513 
708066601 488 
710304024 393 
710515802 442 
716145555 303 
717127393 371 
725839101 316 
730843558 957 
733832733 386 
764376463 359 
767909211 331 
775524008 448 
807152137 321 
815099913 947 
817605484 354 
827028496 314 
832391483 558 
844318075 469 
846122262 311 
849545690 325 
857235059 430 
864359442 751 
871118109 355 
882851939 321 
902709614 520 
929972458 613 
931996568 356 
932579822 803 
945259743 343 
957319198 357 
968339112 338 
984137791 540 
987844386 471 
997289193 467 
1008269006 316 
1013460607 401 
1021822678 1012 
1040444035 803 
1046635924 313 
1064994370 863 
1073175830 917 
16073517 634 
36617749 633 
40444121 526 
48335514 343 
52627956 492 
53308553 478 
70643762 432 
76077163 325 
84894317 342 
93922695 337 
96068726 394 
99901667 520 
124112903 323 
133797368 525 
134006638 335 
141890655 481 
153994733 356 
156064893 838 
173932278 359 
192299162 311 
199217818 341 
233530652 341 
243612103 553 
245960717 346 
247265532 778 
278366271 330 
323952661 1064 
326341165 1019 
331666175 469 
344844153 322 
351941656 299 
354502022 320 
370766876 460 
374171275 554 
384413428 370 
391090139 922 
403588438 575 
404513631 358 
407852009 932 
409305169 307 
421113929 452 
437438218 876 
466379960 332 
487105235 355 
487602164 544 
490020093 878 
495238777 362 
524455629 418 
543948073 389 
567963553 400 
580985535 331 
585118214 631 
599629011 384 
599865389 1082 
600238304 441 
605968429 555 
608665338 311 
626760507 386 
635122694 364 
644709436 358 
655931331 323 
663177412 317 
669840559 595 
672668094 434 
673677040 325 
677221917 317 
690644623 311 
717189810 276 
735666728 686 
743917625 405 
746826219 625 
780855344 798 
791740266 303 
806106624 461 
816256794 644 
822759382 299 
827647417 365 
829417157 316 
832898970 701 
834207808 932 
838355017 358 
841575822 349 
843063320 538 
846618662 316 
858183538 398 
864921017 362 
891547571 983 
917442404 422 
943053419 737 
943389706 994 
963909792 785 
966790055 394 
968062855 427 
974002728 308 
986515634 1481 
990028653 806 
998129610 938 
1013023216 1153 
1015508951 922 
1019611630 377 
1027114662 943 
1028079239 403 
1028310583 406 
1030099673 310 
4461327 343 
17743229 412 
19085597 631 
24318449 302 
25565585 322 
33862416 301 
35630409 359 
42514244 365 
47830602 601 
64495298 772 
67296952 371 
98544657 939 
104457389 625 
116469475 323 
136759929 676 
139105300 995 
143638633 307 
162100503 390 
166066903 1004 
166459343 429 
226240452 570 
227613283 368 
236114219 -1 
239502190 -1 
243323202 496 
250618215 442 
251645572 314 
259373419 788 
282598768 311 
291833577 379 
303269452 425 
307433624 471 
311615119 324 
341753805 319 
347191445 309 
352683013 834 
356630212 384 
368655588 300 
370330558 554 
373845652 475 
409595818 312 
416653488 362 
424759168 326 
432515817 390 
435130977 938 
439515401 470 
