HEADER0:1025
HEADER1:1792
HEADER2:513
HEADER3:32772
24208611 203 
74642859 51 
104991949 172 
124048534 192 
124552320 191 
135964923 202 
147324321 93 
175015104 178 
245378786 105 
251472222 83 
254028035 77 
255009188 31 
264754260 182 
269111881 75 
300372785 103 
308402429 187 
314792027 187 
317520409 30 
332541212 76 
376986584 63 
384592924 107 
390309901 58 
444629152 79 
451595967 41 
482281437 194 
488833096 73 
522887864 25 
528353619 138 
672821060 52 
676405923 106 
680547964 29 
684577465 99 
751980534 33 
761218297 154 
769634382 46 
779567365 192 
780900143 60 
790967313 110 
794598816 102 
830197149 37 
835388679 107 
836396308 140 
837682120 145 
874951763 98 
918119120 83 
985157167 92 
992952549 200 
1060286565 102 
1070029694 56 
26635767 54 
29258626 67 
32138061 93 
42097499 159 
62765969 142 
65321578 50 
75161289 183 
80574622 187 
86347047 107 
111394366 107 
146315280 94 
166623726 114 
188178696 152 
206141623 75 
209099489 76 
210877400 148 
213873315 84 
219923932 196 
294478506 146 
343250132 52 
365735009 116 
369551711 56 
371825796 91 
376073398 123 
433358743 135 
462004356 24 
504120214 57 
508100223 194 
536837918 193 
554701635 77 
593739617 80 
621301424 197 
624475206 65 
719090946 101 
720540034 38 
720816235 47 
725972607 50 
731769960 196 
736111154 196 
742848940 100 
752470122 76 
778020702 29 
805261024 81 
875285342 91 
923323476 88 
953508445 94 
968790285 40 
974301617 90 
1043784485 194 
1057686870 128 
1070069520 83 
86047488 158 
98748718 51 
148365382 56 
167186074 84 
178738531 66 
195331222 189 
216655165 54 
244882590 113 
246704393 106 
249884773 36 
271707711 204 
324004455 46 
330187113 170 
362229676 195 
367844014 69 
374762763 101 
397655198 52 
419378181 121 
425663003 180 
433605538 46 
445439744 188 
463677644 89 
471836805 38 
475077296 138 
508066182 75 
530836088 85 
582362898 38 
597146289 61 
615502483 66 
625387637 198 
626420115 73 
636096989 55 
640959947 198 
665152210 76 
674626287 149 
695301888 140 
746775178 116 
751351912 137 
757787161 80 
759336554 190 
789356868 78 
803342738 198 
826124770 31 
885272579 173 
910591867 204 
912049134 61 
927409989 94 
951023638 168 
1013957235 45 
1015965202 197 
1019757015 169 
26389745 30 
80336556 91 
110939224 95 
148390271 182 
194350154 41 
209279840 185 
211140995 177 
215389253 72 
257872118 50 
261091368 51 
295404075 26 
315510577 147 
325073972 46 
331403991 70 
341061500 196 
352655225 61 
362593720 27 
396255773 166 
414458303 54 
428421694 204 
431915287 136 
449400541 45 
451477910 162 
592307424 49 
639103607 71 
653882527 73 
693146615 34 
727417971 41 
758596283 29 
779314861 60 
812963762 115 
813859630 50 
838358790 54 
844065026 125 
859795978 197 
872701741 -1 
888333758 97 
986799024 173 
996578392 96 
1022876576 192 
17079102 121 
24373550 115 
41879397 51 
43291072 48 
70628390 71 
110111751 44 
115236332 80 
116663267 94 
129381821 106 
182426022 73 
225368629 49 
235505865 38 
265386136 180 
270931220 203 
297185996 80 
330283549 38 
382848875 99 
392175528 94 
403719875 97 
408381221 134 
427714580 55 
499535352 71 
517172811 100 
520884437 195 
625690430 56 
637582497 45 
686527808 125 
708817033 189 
765271975 197 
796180860 62 
808666762 184 
833082545 176 
844622278 168 
865292114 47 
893308249 66 
914978132 119 
917649299 66 
932300945 210 
975192963 149 
1000623569 116 
1006191334 96 
1032748175 60 
1039848251 66 
24110636 34 
30127496 78 
48533114 118 
113568820 92 
134543349 63 
179010020 195 
196267890 101 
226278077 150 
226313433 88 
249989501 72 
251029788 48 
263950284 74 
272892734 142 
296702355 186 
300665925 137 
319038405 65 
327430906 152 
363740859 37 
424159047 46 
431829789 193 
444029664 85 
466910600 74 
478391355 103 
505851086 50 
509688237 180 
535177247 67 
556359881 -1 
566020813 199 
578500896 77 
662068902 98 
667107843 89 
669068586 110 
688512196 175 
696381892 69 
701540880 183 
709955653 68 
716096991 53 
722393810 96 
723157523 66 
723396421 35 
757955803 64 
763565352 94 
789897760 38 
812457079 79 
827035759 196 
887755723 181 
939482424 70 
958636135 84 
962906635 44 
981658813 189 
1015182932 164 
1049927234 58 
1073103173 43 
79121861 252 
164781802 133 
170078455 34 
255313684 154 
259948664 32 
263873920 97 
266747516 160 
271871284 95 
309664472 60 
320350034 73 
341242773 148 
351211484 116 
356906324 193 
376830069 132 
439939303 172 
548977030 40 
566818222 176 
588264804 110 
595822303 116 
612364695 195 
617599120 195 
628460397 50 
634557245 160 
651354212 54 
715192242 66 
733813021 128 
794011997 44 
796194913 133 
796921199 198 
804205951 65 
820120571 101 
836040567 62 
885964012 90 
893080768 -1 
917560527 193 
947859274 146 
960041541 94 
977921387 128 
991858089 68 
1010269471 122 
1053389835 73 
1067592665 188 
2087683 57 
25842587 133 
28034014 48 
59239488 102 
62918750 104 
88691536 33 
92164184 200 
137342221 187 
213428358 42 
235017781 177 
244241133 39 
299177556 67 
324208026 59 
342369747 35 
349103863 112 
357763396 65 
358250170 161 
366455886 146 
368058751 87 
371200438 68 
373063930 78 
381184046 199 
391213000 101 
395897570 200 
408322145 200 
451468431 97 
461616163 35 
576373195 153 
585895364 44 
592395155 76 
637806659 183 
680648235 51 
721264881 210 
733606259 32 
738189773 37 
773493149 194 
789456488 194 
798840569 89 
857657766 54 
860874561 79 
976649777 95 
990481416 73 
1035171715 189 
1044883566 34 
38890398 35 
67337882 191 
107934732 80 
124180042 134 
146675624 123 
158126859 61 
205373046 51 
258360263 63 
291861036 43 
321227210 90 
376586065 75 
406640747 110 
424892101 201 
444207502 74 
455469739 124 
461157405 31 
473140034 129 
476061603 50 
486193977 69 
503977969 74 
504801133 33 
528560227 199 
549245924 95 
550915249 79 
555008839 68 
588720634 175 
606460028 179 
616065277 77 
641464179 187 
657349314 196 
660497676 95 
674151012 34 
680140191 117 
700772269 74 
768185601 33 
806147418 -1 
819312692 159 
836872418 95 
851702797 159 
942646784 37 
957037074 96 
970718652 81 
1000194900 118 
1043446196 40 
1043861069 53 
17206365 33 
61043770 122 
65195187 58 
68592573 204 
70243310 149 
79604322 31 
121548214 173 
192506562 120 
236428952 104 
301664844 64 
310492344 154 
325499320 95 
361892684 30 
397399842 36 
467653793 52 
468438626 67 
488354040 35 
493252305 68 
554649773 97 
561331714 103 
604738133 45 
623695448 142 
696198983 63 
730729500 60 
777409939 109 
850920078 199 
851444913 127 
898760480 -1 
907284313 38 
923579783 85 
936323189 -1 
939139311 51 
966591814 57 
1008193268 185 
1016165923 199 
1020026856 62 
1023264458 179 
1033849743 103 
1065496481 59 
1071331010 30 
1071889025 125 
1072907551 167 
1479679 130 
22769524 124 
72633726 77 
102584386 119 
113736776 58 
150214459 -1 
158900990 93 
190674494 189 
242928322 165 
257883686 119 
275125044 54 
278118234 163 
279300197 39 
296122621 38 
325926560 117 
351284119 173 
362797167 81 
363207628 95 
375292143 103 
430856169 76 
437870406 63 
451239139 173 
455472426 38 
506873962 119 
507243923 194 
535643913 85 
564437544 72 
578102474 137 
609854872 112 
643716332 200 
657181621 60 
663364737 172 
702068179 175 
708653890 108 
726498485 34 
739302917 109 
745297331 54 
767735340 86 
830514205 73 
837746092 155 
845964299 47 
863828475 59 
900552146 42 
922132531 71 
942574289 98 
944304598 130 
947635243 98 
1013241931 41 
1016097366 80 
1060840398 64 
40347901 67 
58350191 78 
59668160 72 
66268127 103 
99675454 53 
113041138 51 
177808192 94 
218953686 107 
227217580 150 
228656359 42 
244644683 36 
253743475 42 
323540079 40 
327387188 99 
379028210 111 
388697646 85 
393875822 35 
423596605 196 
445432499 94 
448882313 99 
483909950 72 
491566201 59 
524487517 154 
582084549 189 
588620465 194 
603949943 98 
616932521 100 
639340740 73 
822248924 113 
910687846 80 
927552083 114 
943027712 59 
989014745 50 
991886542 176 
991982549 57 
1007639515 70 
1008608643 25 
1014741290 130 
1023132773 96 
1036380576 125 
19418137 89 
38903177 146 
47023346 207 
71164076 103 
87559797 77 
111029224 121 
171675317 130 
176577685 204 
221990345 98 
225681920 63 
233160247 28 
233608316 67 
268101021 102 
279181045 54 
283875363 66 
284547844 63 
287048201 31 
326074825 63 
335491536 116 
346675332 68 
362771234 106 
365681912 90 
378465690 157 
396084831 85 
406959496 193 
420088290 186 
457041146 187 
482033693 134 
516143365 114 
529112164 179 
531831133 39 
534564721 179 
553166860 106 
574711209 67 
650926595 110 
663949218 44 
695932521 127 
695965965 70 
712081552 173 
719292996 46 
723974111 84 
744778415 71 
758744698 75 
775968127 83 
781953955 30 
794373634 29 
795947615 48 
888001145 72 
908897858 201 
980940671 80 
1006627524 186 
1060629014 104 
2021605 74 
44050948 187 
49623534 37 
72981401 86 
78488503 140 
91668527 164 
113166705 58 
139789724 179 
173150286 52 
178968809 83 
191334136 171 
216524448 88 
244735362 57 
248045336 64 
267952622 92 
302952024 70 
334833268 49 
343109876 199 
345969786 83 
364219649 133 
373041443 120 
460388132 56 
491153114 209 
493796563 45 
514876901 87 
522692052 120 
526018664 197 
530813885 95 
541752610 101 
542671235 139 
549973591 110 
654695638 273 
660994566 120 
671357997 103 
691016071 84 
755192519 186 
800237280 31 
833256921 192 
869359772 118 
884298428 172 
888512314 138 
902734427 179 
907387766 89 
912134382 52 
927173771 97 
928499072 74 
1042218371 140 
1050145841 75 
18847350 32 
34030714 71 
38382141 134 
44600728 44 
58366634 116 
60681854 173 
89378225 165 
91867212 69 
129550978 78 
130365294 54 
163573245 86 
175690721 160 
223109062 45 
236580728 53 
251050971 189 
331470199 113 
359308433 101 
398081788 40 
413088019 112 
418480044 35 
510843520 50 
532020520 61 
576744721 167 
604637833 51 
640065836 53 
652964990 48 
676083029 71 
685975457 122 
697112758 84 
721331138 40 
755035567 191 
775256279 70 
799045191 107 
821524051 54 
831225524 69 
848946788 78 
870097678 99 
886831814 128 
890891772 79 
910780348 95 
934496141 35 
945455843 87 
1009459338 153 
1042167470 144 
1048404094 141 
33123497 87 
47304539 139 
68326442 63 
102180267 126 
146635447 155 
176383774 101 
232024143 119 
294691802 55 
327180994 75 
346617931 114 
349350692 198 
449431150 106 
449686259 67 
469091381 115 
506058918 93 
545759414 71 
576438616 137 
607740906 209 
613766775 53 
615086275 36 
623473570 199 
721878451 135 
731225441 51 
766428760 22 
775402549 -1 
806214670 84 
814013424 24 
828094589 95 
830671889 184 
866142749 193 
886707751 57 
993663874 70 
1006246210 55 
1031094222 98 
1046486701 140 
1046518405 68 
1058500513 46 
1059682259 65 
6364909 57 
9907738 141 
41607328 51 
62202695 37 
125540467 70 
137816970 123 
161190786 107 
189676213 45 
207897068 123 
228775714 87 
232456477 195 
236453976 171 
247395970 155 
372563646 147 
376983832 92 
403631470 115 
428804916 85 
447569570 88 
462061521 56 
484320776 74 
506846514 180 
512129630 69 
519823534 204 
602880079 192 
626359262 64 
648888171 109 
657422998 200 
666618600 118 
692082843 197 
699416458 52 
717463031 140 
751149526 35 
789465990 196 
805357466 97 
807974895 105 
852134824 79 
922452575 111 
934021069 63 
936183175 130 
967890963 87 
1032496176 87 
12508663 198 
48353700 32 
51513316 86 
83945173 68 
84713532 185 
92878054 90 
113795373 96 
157621734 196 
167329892 79 
202104747 111 
268455143 74 
269072713 142 
269639367 189 
326870610 98 
347227713 36 
369890702 93 
371769770 193 
371908400 151 
376900766 63 
430377769 47 
434356789 125 
457173318 68 
551376507 74 
556363711 200 
606067178 53 
613291829 154 
613628976 166 
617832126 114 
635467378 88 
648950275 80 
659985191 33 
677642485 82 
683493400 177 
695535379 55 
711967294 204 
731216213 45 
741600268 31 
743915602 84 
873173513 199 
878889276 110 
897948838 197 
901728948 196 
925583537 67 
931630377 93 
976625043 84 
984323366 31 
987116954 61 
1049233197 76 
1057955941 109 
1072121310 132 
1091323 202 
7520182 74 
40993356 23 
59032202 51 
59445223 64 
75499767 188 
117675380 139 
125721355 73 
142413900 64 
145916369 187 
166621840 29 
171751585 51 
210357291 60 
260221904 76 
283084421 115 
304894987 185 
329195112 69 
336524192 155 
354406386 39 
391925491 58 
419703928 64 
434252149 30 
466455858 171 
471175942 169 
477186697 209 
501569460 149 
505396808 137 
518948872 194 
527313090 180 
536704798 63 
578797799 198 
581253541 55 
587975079 131 
658920588 189 
688694938 183 
699872571 119 
703508577 31 
740577900 55 
792321693 50 
876952693 45 
877647474 63 
890698665 198 
950635853 66 
958105052 75 
958820881 85 
969677623 111 
987474488 44 
1064146524 67 
1068345913 49 
6781626 161 
16664305 193 
24168062 65 
25526244 184 
25931744 27 
34734959 83 
37653263 111 
40516588 61 
136198480 214 
141220347 72 
150675880 128 
159398453 105 
187199487 190 
188913263 158 
201644175 -1 
213183544 75 
218248056 75 
226176682 64 
229377348 -1 
234920101 39 
261250999 43 
274481108 61 
279697618 52 
293453045 69 
359982762 34 
412851104 173 
433063733 80 
459230832 109 
469594573 167 
490544165 65 
498445897 78 
511915983 40 
520058940 194 
521651061 87 
546234144 196 
548934057 183 
594467642 176 
604553361 66 
628508689 -1 
646866524 97 
664486424 60 
720262709 131 
720876513 72 
726250064 101 
811571344 139 
840557696 82 
848602602 48 
859915169 36 
875763746 346 
888187029 66 
930630076 103 
937810969 57 
950585242 157 
964858634 38 
966125966 134 
995023266 36 
1022418009 111 
1067407813 197 
5815886 189 
10077246 37 
22019959 48 
94469746 120 
111273129 45 
112498646 57 
129320317 55 
140824841 110 
166347850 182 
240369639 86 
245524169 43 
246768404 190 
267498245 41 
268452472 121 
284121158 116 
339182601 91 
352978892 139 
379481909 154 
407208723 65 
426525461 107 
444232726 50 
457710813 65 
475432749 52 
501996385 167 
562957364 100 
591632199 106 
605737172 138 
613888232 139 
636430648 100 
736342441 110 
766741272 98 
771842141 57 
799560111 55 
817955758 65 
887137614 79 
911961345 187 
936121498 64 
936996958 57 
954065651 -1 
970739637 199 
977707825 47 
986368609 76 
1066285664 117 
13242006 97 
65257270 141 
77161937 29 
83705925 57 
97043671 125 
147444858 93 
155901509 117 
182557988 71 
229179753 37 
259422970 97 
299019271 90 
301970327 39 
307622177 50 
321431205 110 
352187773 73 
364624353 55 
369247104 62 
430397891 -1 
437189071 56 
438581256 74 
462927227 125 
500924292 82 
501812570 76 
515928301 43 
523385688 72 
551991094 201 
597934764 78 
695650144 81 
708546302 198 
768052693 182 
797010407 68 
837487778 124 
837649987 104 
840113904 84 
849024482 85 
851014909 51 
853120051 199 
856070766 152 
864551415 200 
868126427 171 
945700868 124 
947146247 97 
955614320 67 
962470706 194 
1038187515 72 
1072167326 58 
32218462 106 
68765043 -1 
109751632 88 
133266358 97 
142738674 137 
156546392 99 
166681711 51 
193678673 113 
223837827 62 
246230292 203 
283632504 74 
285714968 73 
306648347 191 
312747584 57 
321712347 89 
346923218 77 
375489591 99 
387127271 90 
391138516 89 
489076313 200 
504502761 156 
536042419 57 
536064498 63 
551868288 196 
648318757 148 
668113398 170 
688608846 50 
694378392 189 
701462497 73 
766669971 79 
813027270 108 
828950028 189 
833291537 180 
835253229 179 
852339683 49 
885275409 64 
892643371 130 
895410457 197 
907544247 193 
918087147 50 
1054652420 88 
11731709 148 
14364253 54 
23546749 50 
29600264 56 
32088728 83 
52300802 97 
89319884 78 
114529783 142 
137192344 79 
181347270 57 
182319353 72 
183469063 111 
190717988 151 
235659049 151 
247918585 45 
282447887 47 
318262463 155 
332622862 108 
333076234 189 
364719232 44 
412414103 158 
421210153 66 
424452518 98 
554962498 73 
555714781 94 
581697176 122 
588136461 -1 
599580906 132 
600238719 99 
628716090 -1 
651138390 51 
663000671 69 
669820017 193 
674564694 200 
675567465 43 
773014144 61 
820193684 40 
826628765 29 
837678470 161 
844954533 23 
903699509 71 
906388310 256 
930879721 91 
943858766 52 
947285871 189 
968816073 95 
976804689 55 
994577359 74 
1016631167 200 
994393 76 
14795566 72 
18593255 201 
27554831 40 
70826057 197 
112794032 42 
140550343 194 
143070407 34 
152662993 86 
157520382 -1 
203576025 117 
205053691 104 
220040539 194 
233098511 86 
236148860 89 
248022254 50 
289358703 39 
371147897 54 
378979322 95 
406993901 120 
411652991 135 
414356135 189 
425744022 61 
450206810 187 
453390808 169 
514677113 59 
528924355 193 
534738741 88 
557061221 55 
567343967 187 
687441721 31 
695180908 43 
695689495 105 
729027481 144 
754137838 67 
757180387 195 
791715964 74 
804381562 53 
817167043 168 
827364177 67 
828065198 80 
830568286 112 
841688595 85 
842295325 61 
849708993 112 
932263055 125 
933294099 72 
944391271 111 
954689114 159 
970345403 71 
1046703761 69 
1063472311 203 
6763504 208 
14333882 189 
92834643 42 
105486231 196 
124777185 67 
133273394 62 
140019519 157 
150454863 94 
153697214 181 
185931565 69 
254274644 133 
265696598 69 
270330433 63 
290059708 205 
300974041 87 
311910983 107 
313721832 54 
371080210 33 
388162904 98 
403684020 185 
404758217 108 
407156711 53 
430474855 190 
430531659 113 
466057644 73 
477247148 163 
493982156 104 
500706869 196 
539427038 78 
563851175 184 
576342501 61 
609141528 31 
623994049 120 
647517768 46 
658192893 76 
689828920 29 
712308313 121 
769222409 172 
774711678 125 
790503498 181 
809367177 174 
906697968 190 
910977799 107 
913943372 129 
935330890 56 
955532166 199 
955630249 127 
964780740 147 
991500665 180 
1008746544 62 
1019925337 134 
1022829712 120 
1026746028 34 
1049641501 195 
1058990636 122 
1063598150 53 
13917554 196 
51336869 91 
61366929 112 
67854319 71 
142408822 126 
174462233 38 
180044850 157 
202289962 69 
319335188 155 
339663758 43 
348380738 -1 
351343821 86 
351619651 121 
360167221 182 
363935978 204 
450410196 67 
457527477 133 
477551152 80 
565886353 95 
593872961 101 
598972603 116 
626993399 50 
634763374 200 
682271882 96 
711749627 37 
726644633 111 
732143121 157 
735311031 107 
749547374 129 
761883607 192 
785350931 161 
792493118 30 
802751992 129 
826616186 195 
840626114 61 
841751908 202 
845451792 104 
864870230 191 
867108958 66 
882011216 79 
912660611 201 
956544147 199 
974346167 122 
982242206 97 
986705174 172 
1008177798 81 
1009997653 127 
1017151606 33 
1070715609 164 
2959556 184 
15331428 194 
76635616 83 
87381463 55 
160238731 69 
161062149 78 
173271033 149 
175570469 35 
175982396 206 
183119945 76 
190711537 60 
226460723 53 
233434231 202 
264857495 184 
321962315 66 
364614002 34 
366821457 181 
411072350 135 
423106852 54 
451144166 72 
459196442 53 
465182029 171 
486279963 137 
487285846 78 
535027477 90 
562003515 45 
588555405 125 
617132349 60 
643912750 91 
651605145 86 
669965059 105 
705742780 40 
711768313 206 
728554600 81 
729042191 45 
736312867 205 
742892972 70 
817417189 63 
823342535 85 
891644149 143 
902195502 120 
913026218 37 
916749193 201 
932977456 99 
1001754423 29 
1063867350 29 
19427527 202 
20729378 38 
72620667 57 
138222406 190 
146705579 148 
154451068 135 
196995431 77 
235192428 -1 
281310093 53 
309915742 39 
317732284 55 
329987939 100 
361173572 117 
393929840 53 
437135363 140 
438831108 90 
450647432 101 
486106695 161 
495711407 138 
530580219 191 
545291194 185 
547634061 59 
568045821 199 
571765026 151 
580331203 201 
590556377 62 
595492984 78 
604412232 191 
632951462 178 
633171493 -1 
637788029 197 
638968367 47 
651353204 127 
706653358 36 
707214118 166 
708988742 74 
726657812 -1 
748023734 121 
808587236 191 
877557296 172 
879869046 72 
891194021 74 
892366309 31 
894751961 34 
899673016 84 
916621511 39 
934706897 96 
1027726335 197 
1035784464 80 
1044898047 84 
1069935824 71 
11315564 74 
31814468 44 
37655857 81 
49525212 167 
68594728 213 
97919179 70 
117882276 1306 
123362359 129 
139722599 169 
140313263 101 
185142342 49 
229125377 64 
230974919 165 
244687599 90 
278385402 85 
278708845 -1 
316774276 160 
320035864 166 
361230002 45 
404109331 137 
407173058 73 
435203619 56 
520593684 -1 
524407961 74 
527903856 48 
532361069 30 
534628824 120 
578120822 71 
595936560 42 
605146452 119 
651091262 81 
674023529 105 
684605519 203 
706151312 44 
735451290 79 
781911593 121 
782832299 55 
812630134 100 
818747867 31 
845314787 60 
852066143 54 
909705619 99 
924848569 199 
959650937 44 
1024533545 205 
1041033323 83 
1043105682 50 
2093457 82 
88349656 192 
114871947 43 
141922372 103 
150513776 51 
178200384 120 
178633612 82 
183249729 93 
208394328 146 
234689266 102 
298911777 30 
306827084 185 
313770732 171 
326766174 195 
336225173 44 
371367406 119 
374083498 85 
385554238 96 
403251797 153 
437143158 64 
441353657 95 
443634070 63 
453425107 90 
472015430 114 
478755037 193 
492190367 118 
528530823 49 
536569946 66 
538603915 98 
582014835 55 
643517916 73 
658159138 184 
681099689 123 
708094057 67 
722512677 28 
728252958 56 
731201492 148 
755455764 122 
798680733 62 
846423764 78 
893252490 114 
912422903 93 
948669428 60 
956244356 43 
966492371 133 
981742727 85 
1019761007 90 
1048098137 148 
16983640 113 
24602425 164 
51460523 65 
65006459 201 
82044864 56 
124383755 84 
150105767 -1 
200008011 70 
224553150 89 
258828772 58 
262821245 173 
294046404 151 
316455700 169 
321054213 65 
342334085 115 
351502438 74 
352414652 108 
376851022 161 
399923876 50 
420429831 74 
425602572 72 
442388008 112 
452104090 105 
479922722 121 
480036515 91 
502770579 64 
517607006 59 
560014043 129 
586107618 63 
617205149 85 
636808115 113 
679163670 116 
679744182 74 
694631518 206 
708044439 90 
726253993 135 
745961729 137 
754207029 140 
778157186 197 
817669924 100 
820156157 58 
828992977 196 
860542507 44 
863901954 84 
864758477 121 
885425380 29 
903622977 64 
904258663 94 
923312802 188 
936384127 187 
978726646 202 
9220548 183 
19621475 78 
47632041 111 
67307164 131 
75020931 45 
91436122 88 
111107649 45 
114943359 112 
147591567 191 
155145070 73 
171539480 195 
203903559 120 
209623814 63 
238897275 111 
245230610 191 
254493884 204 
268569776 193 
283848300 32 
314530594 96 
316200658 90 
332274800 56 
454107371 194 
558205026 52 
559901208 71 
572611019 32 
574915559 137 
609450016 192 
626331274 191 
642972138 -1 
649784430 183 
696614669 65 
699461944 91 
701874953 102 
703631605 193 
750851490 41 
752971992 40 
754777495 -1 
773246716 76 
787879828 81 
832158854 76 
835406914 96 
853130951 75 
873127123 143 
882003731 199 
891946248 54 
910508154 105 
910589248 37 
921653659 33 
930032146 162 
965888176 70 
1001094992 78 
1020106175 113 
1022791508 186 
1032262770 64 
1070694125 66 
1071985751 168 
4941727 136 
13324289 81 
14180576 117 
50165243 92 
50891785 119 
53760848 100 
60150263 53 
101892655 33 
191476112 82 
195269955 80 
306686859 63 
316537740 40 
337246243 91 
347831684 38 
371321323 101 
413699407 116 
430238136 111 
445553604 112 
463091016 64 
540450237 187 
543627841 105 
559751020 201 
654807889 66 
762129248 129 
832148321 138 
870432702 189 
904597393 69 
958686814 113 
994832423 60 
1013751296 59 
1068241823 122 
657354 87 
18127825 174 
18657159 37 
37249977 139 
50932506 66 
65992208 196 
74618050 104 
120283495 84 
123489802 101 
151046993 37 
154644438 206 
159934650 82 
167092886 40 
181624328 205 
246445828 197 
265416380 30 
267440603 41 
273674277 88 
314610553 195 
326993288 58 
365034855 137 
403922348 119 
412486516 34 
439859619 33 
538965500 46 
557290932 65 
562842270 185 
582081722 68 
634591173 55 
659574372 103 
661299309 188 
661887967 202 
688732070 62 
722317236 109 
743295736 72 
765461402 -1 
766185769 173 
820984166 75 
840653278 47 
872136935 150 
882434250 76 
925178862 42 
988891807 124 
992341601 105 
1005211791 30 
1031475853 76 
1051796555 180 
1063595689 109 
1063610976 158 
1073362832 80 
140497 42 
620126 131 
1155889 90 
15157636 162 
36847854 107 
49235825 177 
50060106 188 
53706898 203 
60701264 142 
82351388 98 
84108089 103 
85477722 87 
95719984 199 
126703394 35 
166644601 188 
240651728 81 
264996876 59 
282455990 175 
333809349 100 
352277699 195 
356058934 -1 
369131109 177 
369776582 81 
428481111 85 
444414678 36 
453620432 58 
454836015 147 
454956369 192 
458556242 119 
461986426 140 
465494464 195 
522761557 197 
526595173 85 
588933770 117 
614647606 83 
647080244 75 
674497908 182 
717322845 163 
746139645 82 
755638552 190 
764607532 47 
840252145 111 
900937795 44 
909527092 29 
935452478 102 
957930571 49 
980228642 61 
1014300650 110 
1025707879 126 
2215673 49 
22693913 145 
65453280 59 
103352007 66 
103865098 70 
133606917 41 
134210914 189 
139316986 193 
155433650 104 
206616233 52 
207798893 84 
239621743 181 
246020311 102 
308587472 130 
332867313 62 
353265472 29 
396013535 145 
403877343 197 
405241522 35 
413417438 50 
441696037 110 
443740306 121 
447879599 136 
465835419 112 
516103130 187 
522242529 125 
543546763 160 
561607347 76 
593471298 45 
626465437 195 
655391727 79 
668775148 30 
677380326 155 
713255052 103 
753105367 97 
809087701 67 
855846299 81 
858562386 54 
863807433 128 
879347793 28 
998351117 189 
1066840040 76 
1068088885 85 
21892032 184 
33010688 53 
47111806 197 
63212628 193 
110102449 87 
134596090 111 
153441556 104 
172489329 197 
250860461 63 
269904490 193 
285843056 -1 
310231811 82 
331416941 79 
359978874 30 
382652274 75 
387107288 77 
421464373 59 
427182641 121 
444748804 43 
447918142 81 
470673091 178 
473692649 111 
488988350 76 
489265176 193 
511706319 40 
530733380 191 
531691368 108 
536895367 36 
569636867 57 
577363221 117 
582800273 83 
643826915 53 
660593391 324 
663695150 99 
669500900 97 
718722612 74 
739878532 34 
776806506 57 
802160398 51 
847424099 43 
861552790 143 
900244475 208 
930322433 151 
940517232 26 
966697604 192 
1003755901 87 
1039698687 81 
1059950494 64 
1062632046 81 
6138756 31 
70719327 112 
73087770 70 
92317121 25 
106594704 65 
116366284 25 
184277238 184 
201379352 144 
212183697 96 
230447321 106 
249071411 76 
269408758 202 
269859063 185 
288576429 48 
289973692 29 
291175713 134 
312546530 73 
317514901 45 
324559755 61 
325862216 83 
329735602 189 
351658534 132 
352714203 57 
356378190 53 
366469547 48 
371508075 47 
372227322 180 
407555317 57 
481497544 166 
560826546 343 
575648643 148 
586968942 188 
679717853 140 
680117751 35 
701228418 126 
716059078 62 
726535186 60 
739371993 192 
756994965 60 
761965661 121 
771410684 195 
798154661 78 
799508733 62 
815186414 104 
850981912 120 
866753466 186 
867603866 130 
868470523 27 
874339191 112 
899802270 47 
928012994 138 
945792283 125 
948931545 59 
977936264 87 
978302988 32 
993771945 179 
999273336 29 
1001314827 108 
1069795847 220 
737858 69 
24922241 202 
58730309 56 
68895266 145 
85071222 33 
111125402 -1 
165054281 87 
202370121 197 
220466631 46 
225249829 106 
240432403 123 
284113146 144 
296345423 152 
303756316 63 
310240885 27 
397739615 99 
412151733 201 
417284903 180 
452808891 250 
485585227 103 
494373059 61 
502067349 64 
546955719 46 
591907318 96 
667505370 79 
670452073 159 
692155715 153 
731008086 51 
797721891 53 
808412882 198 
832662715 164 
842106518 56 
847855369 99 
946478968 52 
960163380 183 
974793855 196 
976434417 175 
1019342614 79 
1019874181 49 
1026479045 97 
1039880006 179 
1051510840 76 
1058134377 52 
1064405080 196 
1067777309 56 
21583143 99 
42464189 64 
67684836 77 
75721788 113 
93564297 65 
134446924 110 
164848111 111 
166395205 85 
177523317 59 
186422291 116 
322615072 98 
425291989 200 
431557650 54 
489087630 158 
510721815 37 
528629533 196 
533004936 86 
546578755 170 
562219176 162 
630256588 40 
666335638 68 
679533311 57 
683585215 179 
703876928 66 
708238039 58 
761410425 74 
765339357 177 
773905474 98 
775691957 37 
796772259 40 
817874346 102 
820640448 69 
872499955 56 
885148796 36 
931884372 47 
939981936 207 
943913830 79 
946446958 82 
991381928 45 
1000880318 74 
1012946550 128 
1045800539 197 
1047058294 70 
1048692847 62 
1054626796 182 
1058063606 184 
10592964 54 
41979612 142 
64662601 95 
82468477 195 
88439676 200 
97432476 141 
119135107 185 
120363454 179 
122047923 102 
148178568 51 
197531127 70 
257852849 146 
278469693 92 
318054751 46 
318321631 38 
352997255 187 
369502460 177 
409820458 188 
434724407 58 
449588710 192 
462442225 78 
474513843 183 
548892368 46 
563590389 86 
607367907 72 
650327224 125 
650866182 172 
652039371 58 
659452314 78 
660105766 -1 
661348331 66 
763660477 30 
822068833 58 
836377264 59 
853481913 104 
856460259 181 
876549883 63 
881140894 196 
900906844 101 
921010807 94 
923993940 114 
937300279 45 
961714242 128 
979928150 118 
1005621696 56 
1071753470 58 
1996277 96 
46880073 95 
61743825 140 
106652320 50 
111132601 46 
120261189 59 
159844952 72 
174443272 53 
175869456 77 
199836061 125 
283966966 131 
307203355 203 
377880609 48 
422673751 83 
428958524 116 
462970530 195 
483077123 32 
489390210 32 
507916051 100 
511376011 125 
514372014 89 
519251762 137 
521981167 49 
527394515 48 
552796100 169 
553751574 150 
592926536 108 
617030413 50 
618726638 126 
741420281 119 
745375573 37 
774898203 145 
821169811 174 
822985648 33 
830530183 181 
839774453 98 
854376340 94 
909956300 123 
949304730 62 
961998178 96 
968955755 185 
1005394049 156 
1016533985 68 
1020367217 74 
1020488408 82 
1031730130 122 
7692461 179 
18132457 64 
43048313 159 
46094464 74 
96891878 130 
108091362 98 
123350233 97 
138133784 195 
138897148 158 
214921084 44 
221043821 151 
262003079 189 
264334737 165 
269738723 79 
299903777 97 
311608033 190 
343104143 93 
384855171 76 
429363431 36 
432910024 195 
458521621 103 
494806369 49 
514407995 66 
574907228 98 
666005791 49 
721733437 83 
778088731 81 
812035052 46 
865411784 87 
913244504 132 
921863264 107 
933920557 82 
935797369 92 
952219487 86 
966319937 183 
1004512005 193 
1013902280 44 
1021050655 153 
1022103228 76 
1030580459 73 
60701458 189 
120564433 64 
126003364 120 
127941943 202 
132698904 59 
136262611 69 
146704897 62 
147518055 88 
160987283 147 
190568179 81 
217294404 96 
217352135 35 
219601033 55 
261912388 30 
264896007 84 
276244878 35 
293322900 48 
294475310 119 
315368808 84 
337931918 121 
353595487 119 
371791287 74 
373622242 36 
383106659 66 
393055096 71 
445000066 102 
451376428 93 
463661863 172 
472313539 161 
489644074 101 
494962085 168 
561633679 43 
627582123 174 
644337026 70 
657636247 101 
678940686 189 
700558163 56 
746413688 35 
814681273 195 
827912331 43 
830012466 158 
840124275 74 
843202931 64 
843374454 47 
907075856 72 
908177002 95 
920957432 56 
928857091 178 
943678713 55 
12230108 170 
77898372 61 
87855298 196 
96737369 71 
126842207 68 
126986124 86 
182041632 171 
232430305 94 
294805442 146 
316677459 63 
322547728 31 
360982045 33 
373254144 192 
390800438 130 
415122807 35 
430768642 56 
456934633 64 
473774970 101 
548883661 102 
558420985 112 
561919698 197 
565825073 -1 
596548300 139 
622025422 194 
626207630 183 
630789903 117 
686438239 46 
709916061 70 
727971373 180 
754144758 59 
773473280 -1 
843331954 80 
877971777 60 
957150183 200 
964856810 95 
996403479 196 
1033555797 117 
1045327469 148 
1045448784 166 
1051595995 188 
1056027166 180 
54833852 61 
97275552 81 
107221721 85 
114996800 44 
163135764 90 
171783586 152 
214120763 35 
255630802 174 
313950018 172 
324917137 41 
326144232 45 
370377701 75 
376364300 104 
422330953 97 
431290969 56 
455768198 115 
463293707 85 
465562516 70 
499917434 77 
537256370 200 
546916905 87 
550748304 45 
551125448 83 
560891236 137 
579736631 55 
585035687 71 
585709838 101 
590542077 63 
602154898 338 
644687115 49 
671822784 99 
687872700 88 
723045275 165 
757694206 124 
779966955 238 
782622917 52 
867837147 196 
882758137 70 
890008555 104 
891370124 42 
905488433 46 
913894745 62 
950955838 151 
1021773300 68 
10126015 103 
14481480 165 
14937004 101 
19540250 69 
34475169 171 
43723446 188 
49865037 38 
61121399 25 
72067305 111 
75041064 40 
99743340 192 
119349848 32 
148879695 126 
153505750 133 
163996809 68 
177157956 72 
178761378 157 
179604721 194 
189232038 97 
212135793 45 
239015701 25 
301842175 85 
311337676 154 
320613670 79 
332955316 53 
351896758 -1 
359567601 92 
361691428 83 
373604359 67 
382186131 102 
382475980 47 
407599955 71 
438160251 118 
439528036 32 
464931608 93 
467540996 38 
483186446 102 
497027197 144 
525444502 103 
536067082 199 
555075389 201 
575814040 136 
578621360 50 
590006491 70 
596602569 62 
614991164 43 
630358156 63 
633387677 202 
689948585 75 
733594954 108 
815642138 114 
823806576 124 
874228530 97 
899262456 186 
952620559 191 
953948782 74 
957001021 67 
957187079 78 
960777748 91 
1045501757 52 
33857826 88 
40875826 197 
66668451 56 
82263470 97 
159237514 56 
176746306 64 
202330851 40 
207198831 107 
283265143 103 
305969407 119 
308675237 83 
309250027 94 
348713414 102 
365262730 37 
398120405 195 
416823626 29 
452161259 181 
479835863 138 
490316033 194 
525675191 41 
527881841 37 
605356331 190 
607238765 114 
651838497 71 
674409158 106 
675584531 200 
694258460 161 
707718309 73 
709856005 72 
714645733 54 
738112776 113 
738789575 156 
741630229 65 
751471000 122 
820799124 201 
857801628 81 
881361642 123 
897869498 169 
908774903 212 
913742799 41 
926676667 90 
937135400 137 
953388198 64 
1012334745 43 
1052145311 207 
12261309 86 
48272472 132 
73704441 154 
88147316 113 
92831956 45 
132975017 145 
134245858 202 
165441890 61 
167576268 69 
177624942 84 
207260502 -1 
231070388 72 
289393400 72 
295325762 49 
312422618 146 
323199025 42 
364227535 65 
369554868 112 
412170833 108 
429793483 183 
437724317 142 
438219870 108 
471703697 189 
478451317 189 
480992434 55 
523560437 57 
525003634 189 
558276076 -1 
577018538 89 
578570355 131 
591388037 122 
594575683 151 
619693484 169 
637286155 91 
652494465 41 
665000965 94 
684316801 58 
729869852 103 
739474776 187 
778498529 113 
823272889 103 
832032446 81 
879911315 112 
904737162 75 
935147518 172 
978588082 70 
982167189 202 
989292768 112 
997479251 89 
1020497068 53 
1035316815 192 
1036729836 91 
1067779995 202 
1070858250 64 
20076869 87 
35985357 24 
38093926 72 
65018637 31 
191567377 111 
206134658 71 
278198578 41 
290737570 55 
344856792 115 
356649147 35 
407401817 54 
415804253 155 
439783028 33 
467105581 84 
475001997 74 
518299345 60 
545475359 47 
561659622 68 
574431771 41 
743962580 206 
751923621 36 
753784407 76 
793123755 89 
796664814 103 
816101589 63 
817263011 199 
846502635 119 
895389443 193 
943907557 92 
978051145 38 
996482798 65 
999006450 104 
1019163367 189 
1027186510 52 
1035644639 171 
84952146 47 
90490378 108 
95279058 61 
115156712 31 
127884952 98 
135383802 81 
139512842 62 
170955785 177 
226494627 132 
253502298 132 
258067700 36 
266087224 59 
326316812 78 
354846958 111 
370571454 50 
394954277 79 
397202316 185 
430506029 87 
437709764 205 
481976451 74 
510047424 113 
533799666 194 
562336912 59 
586499293 65 
618002793 204 
639215622 65 
640122700 74 
658315066 122 
734421029 26 
744537384 79 
781987872 52 
839034599 37 
886841555 96 
975962170 113 
996005013 157 
1049457731 44 
25450304 41 
81511426 199 
125633645 78 
142910119 101 
184343595 42 
215634284 76 
240654601 -1 
246501505 70 
282887081 73 
291152925 61 
302021133 43 
342542925 106 
364815909 57 
374670699 59 
413182687 203 
413698357 90 
434709192 68 
451342536 80 
490638540 53 
512684129 46 
534942321 95 
575304110 139 
626288092 71 
645184864 83 
656791482 97 
690294165 27 
692656335 185 
745543482 90 
749624858 205 
761600709 118 
765054085 147 
812185040 43 
844210015 108 
852604967 78 
859662540 182 
927306994 42 
937973696 86 
976741419 68 
998721223 75 
999123002 176 
1007474758 70 
1052235782 118 
1058164595 196 
1059468644 61 
18165611 73 
22633983 101 
51052199 101 
87740156 58 
93780927 114 
132009453 33 
146321835 160 
155010499 42 
200586464 52 
216882936 131 
231991927 143 
242942167 117 
320810987 87 
333560521 67 
336006911 31 
378339589 112 
400608604 97 
416470827 92 
428299224 87 
461020566 109 
468540636 94 
484167349 48 
496254195 46 
504025048 114 
511203317 33 
555141942 180 
555602599 66 
577951295 68 
596902748 125 
606396023 150 
634394929 130 
642558005 48 
651540627 69 
670669690 60 
687669770 189 
709698902 96 
729720556 43 
734020755 36 
749332261 125 
753776143 53 
827413573 116 
840256235 206 
851722347 121 
875902144 211 
920020474 44 
920455658 69 
973031908 83 
985943867 97 
990091785 93 
1007136517 41 
1031028694 65 
1059805753 113 
1061574087 65 
11189756 46 
26574091 89 
104093542 112 
128058549 188 
133214211 77 
135855592 51 
178319571 170 
218991744 51 
222642504 36 
223476817 63 
286205163 64 
307919625 162 
328402127 70 
345321406 163 
377682233 34 
385765933 58 
392405183 85 
409311193 194 
447257794 66 
459576836 35 
477138741 78 
491240950 64 
496120886 71 
505687445 191 
542191135 148 
557041109 128 
572466315 158 
650277507 175 
660053238 158 
665448304 108 
666669284 187 
703710282 51 
806988759 44 
828832593 51 
856594056 118 
860436969 96 
875415142 54 
883319532 83 
919344100 134 
984853452 66 
1002317758 157 
1002762438 55 
1047765126 149 
38630458 182 
65770499 94 
81864985 70 
89509230 71 
124124238 65 
124572261 121 
126298837 140 
138087292 109 
145710486 35 
174378846 154 
178300618 185 
187855976 92 
207965751 53 
230801255 99 
239032808 106 
258656585 108 
282088483 113 
285782151 85 
322692624 82 
346365603 176 
403666584 121 
407864774 72 
444077675 122 
455471371 132 
461013689 29 
479533975 168 
509255616 110 
568557503 142 
568866332 145 
570135191 50 
601585607 121 
611271614 140 
650893640 115 
652069102 54 
664411860 90 
672601715 92 
680778832 209 
689123211 280 
709932133 119 
720135797 177 
741971660 181 
753852013 195 
763764395 82 
786471019 128 
802814310 195 
821721561 196 
823765951 85 
867896554 197 
873808697 33 
936433724 162 
960312299 81 
970610040 83 
986463525 38 
996038718 32 
999673860 37 
1002063688 41 
1026067380 64 
1033145116 189 
56391177 135 
77154065 118 
79949066 72 
97952852 97 
156043977 72 
169386094 82 
196681555 147 
197171598 30 
213350075 191 
218287463 41 
245031213 36 
258105253 125 
262843605 54 
382208245 48 
421494239 -1 
434873717 30 
529438654 189 
559239891 127 
576235640 125 
632343981 190 
642753058 137 
646084270 58 
678773135 66 
707193320 111 
708574447 101 
769923577 39 
773333332 76 
785568279 80 
796823188 72 
804439229 197 
809764236 95 
900408648 196 
912549690 58 
920554711 134 
954322213 102 
962360146 78 
1045382664 66 
1056314866 156 
1066533342 46 
17310191 115 
24106668 40 
81715905 198 
107961482 31 
109664930 120 
110949526 100 
133078252 88 
137013345 30 
151583026 144 
157806664 109 
255026058 185 
258319450 193 
265308664 46 
269559904 74 
276508640 187 
292486183 52 
314043211 55 
346198176 126 
389688699 71 
463059996 191 
485924662 77 
495380000 102 
506856420 193 
539810007 72 
579310167 123 
637098854 169 
664036941 41 
673744079 36 
704672094 75 
760244535 198 
768255131 105 
772157096 104 
776374504 77 
781626394 48 
796492964 65 
861792408 65 
885243665 190 
891880188 333 
897837547 103 
904179633 118 
929649286 191 
968592303 91 
1053681113 150 
12117474 37 
81911062 116 
88174747 64 
158599004 30 
162120749 100 
214548384 60 
243230755 84 
251150467 58 
251569723 75 
256794354 139 
287588467 143 
320309390 198 
320650342 176 
346806396 73 
347244547 89 
387365131 93 
424520139 36 
426295974 97 
428564917 55 
440891328 99 
453391928 57 
456108774 146 
468757106 90 
477242216 45 
481211068 111 
491700902 60 
542309783 35 
553536471 56 
605443696 84 
622218599 111 
630739881 36 
639252973 83 
652326807 66 
669504309 97 
678682660 86 
713902924 44 
746523867 193 
764101504 186 
771541659 172 
772231263 107 
879996422 153 
913061024 53 
948209775 42 
977279945 47 
991927249 48 
1027602807 -1 
1040325896 49 
1068210893 96 
76542555 181 
144165603 196 
161596731 70 
194224781 77 
204737913 160 
206832420 66 
222052072 79 
238232952 60 
250959622 114 
254616946 163 
265002067 42 
295976617 138 
339332858 98 
340400360 77 
396948173 48 
427290660 123 
455303178 275 
471301447 105 
502144953 30 
516219798 65 
547137840 130 
558654118 183 
608604665 99 
655412453 156 
658189467 60 
736064570 94 
765058852 200 
819198475 70 
821616711 152 
843604052 70 
847628048 128 
896144400 55 
911803895 190 
912432856 194 
916905146 69 
940753173 185 
947007180 47 
966645343 156 
992837039 206 
1033292934 56 
1038367499 177 
1047761222 131 
1054525908 47 
25850237 132 
38643820 165 
40803922 198 
69229308 41 
71606947 182 
81662560 54 
89334313 134 
124302939 196 
159605297 194 
166142378 70 
186177980 43 
189708376 134 
194635726 159 
229703742 59 
230705732 195 
235419104 142 
282272155 199 
284746082 115 
299961140 82 
306531115 76 
332895999 78 
341188865 110 
348678881 89 
371085190 208 
375606096 126 
412418816 56 
440619577 52 
478039528 98 
493362793 191 
495704809 85 
500058312 63 
595793782 75 
629302689 62 
632946540 60 
636043640 120 
653229502 71 
671093992 205 
700678771 150 
725714342 166 
727809714 162 
754828737 76 
759392508 200 
767983141 56 
784788869 196 
791288706 194 
816604302 55 
818584706 77 
865792085 35 
900837411 94 
909126214 77 
936868441 35 
940238667 90 
945391088 193 
971985259 131 
995124164 165 
1023925816 46 
1043275802 191 
1061158704 130 
1069713366 132 
1069781601 72 
42404449 73 
53034181 41 
63698667 141 
109555724 119 
112404451 70 
113437440 68 
116744446 66 
147066736 39 
147394729 189 
175699289 72 
219218816 58 
254343842 91 
270260650 103 
290749808 187 
318762715 127 
323032940 76 
361704229 98 
385688936 34 
387165604 86 
387496909 44 
418905060 30 
422109319 58 
435934382 48 
466074919 135 
468525972 64 
490058810 45 
502124287 86 
502525418 199 
518364375 189 
544198844 152 
548205388 81 
572218444 34 
575089394 194 
654848927 148 
660930768 47 
664955046 55 
699113585 84 
713267612 34 
724661620 154 
796894714 42 
889327069 109 
896283934 61 
909484289 202 
953934495 205 
973146512 107 
989706101 115 
1008901685 73 
1021468095 201 
1027665560 166 
1048414083 140 
1058392519 92 
13426935 59 
20280395 29 
55492912 47 
61290544 67 
69962761 138 
92189696 62 
104698641 84 
108851766 82 
155375959 132 
216136794 202 
218721319 108 
230442830 41 
301543640 209 
330927622 107 
353260625 53 
397867342 154 
463726213 84 
553062306 92 
601362261 42 
603749425 212 
632346170 84 
640466321 40 
647365631 50 
664085202 54 
666989644 46 
689061267 180 
711348424 45 
717940817 212 
753460339 131 
757142401 89 
794758123 199 
796609998 140 
801178365 37 
804921770 198 
841320006 111 
854781271 173 
901592463 79 
925963634 90 
971302998 57 
972594306 38 
1000058471 46 
1003992846 32 
1013610282 62 
1019536708 189 
1069704152 106 
7616846 189 
13761905 181 
16816735 54 
17711646 79 
42250599 114 
68364638 76 
101559625 110 
107550321 -1 
111372578 41 
123050327 51 
132090393 116 
190609581 124 
210076600 56 
223938958 181 
272124558 201 
283852848 182 
309700686 41 
334057748 72 
364028790 77 
390684810 190 
394056902 58 
562959073 133 
574678299 7934 
594594886 106 
602828155 132 
611267285 202 
615998351 89 
629182869 76 
707320013 193 
731357752 94 
747496674 107 
755583723 196 
796691088 105 
813635702 248 
843664404 103 
884565422 110 
916747539 43 
926716652 95 
950145879 189 
962887819 49 
971531534 50 
985320687 117 
1000139779 111 
1006663211 48 
1010831209 171 
1017826654 234 
1032762955 60 
1070767014 112 
27903439 75 
63066912 56 
74998603 173 
86254864 98 
112023933 197 
114409761 69 
168010196 46 
180482902 141 
183099250 77 
216845437 128 
221914262 52 
261507811 96 
339119584 88 
360602567 164 
370288525 85 
371028106 76 
375525867 77 
377317957 131 
395775324 76 
405028828 46 
474928138 82 
503936131 68 
504967506 98 
513276912 187 
580158954 70 
591273894 30 
611608968 112 
619688399 113 
620622826 143 
622079017 191 
636776101 81 
647319541 194 
675403694 85 
683240919 175 
683511398 85 
702016030 157 
707651766 184 
710772616 48 
757044546 123 
757159806 93 
762096176 115 
774331553 108 
779796688 66 
799455631 113 
803392075 56 
820092709 111 
846277290 54 
864143380 197 
885999075 136 
901730332 145 
908827382 89 
918162159 115 
950935804 62 
998904344 172 
1010294660 136 
1024547523 168 
1040412905 37 
6187898 67 
22546495 45 
44495325 118 
46720585 91 
107771444 70 
117878200 89 
118750501 88 
127711212 97 
152635465 57 
174194948 51 
197807718 87 
201403957 67 
243671621 79 
249517190 88 
250703049 72 
254168858 83 
277498148 61 
314053827 130 
324601466 40 
333562013 47 
339689800 57 
405425972 115 
428864442 93 
428895698 191 
480935603 69 
485614616 188 
490670255 149 
498889318 128 
500326825 95 
517170877 148 
558679205 868 
572504606 90 
600986641 135 
610768470 189 
621001023 45 
638188800 58 
640338922 107 
647822082 41 
657132601 32 
689706086 62 
742136057 83 
752774778 69 
847276526 56 
859621589 99 
931394123 163 
942872238 136 
952306516 46 
954180516 204 
969365314 31 
1000875541 118 
1017925489 35 
1023638451 39 
1034570720 117 
1046374381 136 
1061464657 -1 
9768015 184 
20100574 47 
78926506 78 
103615618 165 
169244220 92 
186399061 94 
210215706 152 
226432543 58 
232638083 55 
325778896 204 
329173141 50 
338359699 49 
387165967 68 
393673892 151 
397184608 119 
397690258 185 
410938413 36 
425789380 138 
469129978 183 
493894003 58 
508329137 96 
550571691 85 
554132216 128 
561243103 64 
561949477 89 
585021135 81 
599192158 72 
602761554 51 
614236848 152 
661055358 79 
662763933 89 
669646178 206 
684202699 76 
704678087 183 
714513123 50 
741263986 58 
756464205 68 
760943710 63 
779674773 73 
780363484 97 
786057691 100 
796358619 144 
833236532 76 
870369717 90 
877448599 97 
922321347 31 
933574839 56 
951407089 120 
958397397 110 
963555440 101 
982628320 43 
984734211 36 
1024362260 185 
1057030628 171 
1061682715 191 
13965281 90 
40780074 36 
58429228 107 
59392823 156 
62475144 119 
63571306 55 
68431017 76 
77399862 174 
88720291 124 
110502311 203 
205003373 47 
212695858 146 
239878309 205 
255660395 45 
263046872 36 
284793534 -1 
285393508 54 
340431911 190 
372659922 130 
374438064 114 
392424551 83 
404546095 135 
405895042 75 
435304630 56 
440444741 36 
447436524 36 
464589210 87 
471067279 55 
475864114 122 
512047565 210 
513376707 92 
524685906 195 
530717305 130 
531174768 187 
555121343 71 
635392298 97 
654476364 192 
667434860 110 
681298669 188 
692352809 46 
715968071 237 
764866464 175 
799206467 57 
802490825 32 
818854879 42 
861816722 78 
862580968 111 
935804505 59 
941602931 44 
949103622 53 
971460657 177 
1023115750 156 
1025186350 151 
1047565735 87 
1060693238 107 
1061518768 96 
2833677 139 
3901147 59 
24662143 27 
52295897 67 
112988698 69 
180361344 165 
201140052 77 
232068310 90 
287475690 122 
294530287 105 
313559741 70 
323264396 193 
345657519 67 
365831143 56 
384889544 26 
389566427 80 
398203434 60 
422986571 142 
458802542 34 
463189839 107 
466344142 61 
546875329 62 
550189294 192 
552496975 68 
563704928 47 
565659678 62 
589853442 50 
678116474 112 
681117750 39 
694529911 130 
699483450 143 
822784903 36 
829066132 178 
842885512 96 
871422277 100 
902201406 51 
971004275 56 
971353716 163 
992107216 203 
995880894 76 
996144981 34 
1007606259 66 
1032206010 88 
1037820598 200 
1052207945 116 
36738397 206 
37524859 62 
91489095 109 
111569792 47 
161708425 194 
167934677 114 
187796986 93 
188152253 78 
192632306 84 
219286211 194 
245966969 74 
269043094 195 
275334976 34 
300724301 104 
352245405 59 
379201448 61 
414974904 128 
420767947 122 
446221022 60 
462720194 38 
495778586 106 
503053147 56 
589513272 43 
607343006 73 
646901817 125 
654174511 149 
679008313 175 
679241804 167 
746862770 86 
747585449 70 
749038870 56 
751366064 141 
777148215 69 
795642130 74 
812421858 128 
866164951 75 
942969336 78 
948824228 44 
950448515 111 
955910374 102 
973225751 82 
980737912 76 
982409443 117 
33196528 40 
55662274 70 
77486128 80 
123308810 31 
128823951 112 
133197234 184 
291833283 66 
302072210 124 
307982575 45 
317014081 46 
329217563 63 
330812920 194 
347284600 62 
377968136 41 
398008698 157 
429428551 118 
461318491 128 
479497249 127 
499697410 102 
557052114 106 
566200007 189 
568312293 154 
569121611 58 
592615435 73 
601163959 84 
601809629 72 
609693801 49 
618676034 106 
650034780 -1 
683919920 82 
694553216 197 
697214609 61 
715487207 53 
790711244 111 
796838278 186 
808580185 109 
815555299 112 
866115545 108 
869429665 74 
872024569 184 
912019041 31 
981347796 31 
1040266905 144 
1060994449 41 
1069223888 119 
1073741824 0 
1143943653 202 
1150759381 181 
1166204232 59 
1167134731 207 
1179382851 83 
1203987471 82 
1263243364 57 
1277847988 91 
1282741066 48 
1307368264 60 
1309327061 191 
1310580976 49 
1356215037 47 
1368491565 46 
1382716103 44 
1393222057 192 
1409329583 192 
1417486382 73 
1474463014 53 
1499241197 192 
1505156386 120 
1613534112 73 
1617597455 57 
1651000766 168 
1707834514 61 
1732947437 112 
1762717665 166 
1799164079 44 
1820090466 160 
1840266924 40 
1931217327 71 
1963627688 95 
2022037947 89 
2025985524 -1 
2066390549 142 
2094677632 113 
2108663626 72 
2118003724 60 
1114357124 78 
1116517207 65 
1116949506 208 
1157108935 35 
1220378270 32 
1231823429 151 
1274182076 110 
1289819927 111 
1296880365 95 
1307125936 87 
1331670241 123 
1397323161 60 
1411112351 68 
1420139557 164 
1433643253 134 
1446982826 93 
1479148085 158 
1544914766 118 
1563640247 102 
1598849197 179 
1662398683 69 
1760581760 56 
1780458649 109 
1801009199 128 
1822334765 93 
1892723024 -1 
1914421758 58 
1961467241 38 
1988981332 68 
2017129814 142 
2019893142 63 
2064473725 31 
1100498324 191 
1139258922 82 
1173913702 43 
1182697260 132 
1182954147 78 
1192933547 202 
1207533630 83 
1228451696 87 
1286431613 143 
1293591041 92 
1293956992 187 
1348819898 60 
1356155393 208 
1382236195 159 
1405002870 188 
1431146905 40 
1438116699 130 
1553701431 89 
1574075652 55 
1620676120 196 
1644390810 45 
1646061697 62 
1654357892 190 
1662801333 127 
1680597187 75 
1715541544 60 
1720570485 69 
1730457416 60 
1747265737 48 
1759378836 183 
1764100313 128 
1792486824 103 
1809184939 56 
1852133585 200 
1873528297 105 
1897826035 188 
1904677556 39 
1907761288 45 
1914111414 118 
1938833484 175 
1971385109 75 
2011537252 56 
2015566385 156 
2049850675 83 
2054847735 191 
2063106067 48 
2111223388 73 
2119418393 148 
2139137896 104 
1143686045 107 
1152498334 188 
1180141088 70 
1183323591 161 
1188479604 72 
1209253247 69 
1249636343 88 
1253997953 71 
1265097618 195 
1269307154 47 
1284581241 32 
1297732766 96 
1307935322 82 
1333739178 80 
1338130341 80 
1358865108 104 
1361028624 134 
1379225689 192 
1412010224 135 
1427500686 143 
1451071480 64 
1470911080 150 
1494487301 101 
1535444464 78 
1575566856 168 
1578207957 202 
1597093801 58 
1601736684 200 
1626577626 129 
1645435917 38 
1662731497 56 
1663464834 82 
1690208536 81 
1708702235 54 
1738292450 59 
1738902879 82 
1741756857 53 
1797124125 190 
1808112198 81 
1842026933 109 
1877713837 55 
1888176165 97 
1903525884 38 
1908168181 185 
1909312960 163 
1934880961 37 
1939259413 82 
1948596881 188 
1970895581 83 
1988497607 123 
2001284375 79 
2021384843 110 
2110887375 64 
2111602621 55 
2141393717 187 
1075728022 123 
1090774152 45 
1093076310 101 
1211614073 126 
1215003186 179 
1273679943 84 
1277764473 32 
1289309314 41 
1296311827 174 
1306906795 102 
1314961214 101 
1339154652 64 
1351690070 147 
1357074945 198 
1374155111 36 
1457849738 55 
1469914993 83 
1512209882 109 
1527272046 118 
1554971894 184 
1599432659 55 
1629974339 35 
1655711317 67 
1663686866 56 
1682313458 50 
1730957960 120 
1735888814 199 
1745244349 101 
1782883125 140 
1845285051 47 
1852373742 86 
1869339476 98 
1875431373 73 
1895917667 209 
1916841704 206 
1916976715 32 
1927359629 125 
1931802070 25 
1941419417 186 
2010201267 143 
2010975205 140 
2011845976 68 
2014997685 29 
2095610419 54 
2109855781 68 
2138601673 104 
1075974462 169 
1098760840 194 
1106445507 123 
1122117826 180 
1130753955 193 
1155777548 149 
1170209378 200 
1245574464 65 
1303852589 64 
1304662212 86 
1339868144 104 
1377749699 72 
1377986366 162 
1435169219 87 
1454816346 52 
1488151599 130 
1523980806 -1 
1558502258 86 
1575078400 53 
1579503242 70 
1608225080 71 
1644462961 49 
1668550865 62 
1678448474 82 
1732654795 33 
1781987603 68 
1787687015 98 
1790876379 185 
1801445137 100 
1836352238 105 
1844879724 71 
1859906832 54 
1868195926 78 
1872728005 62 
1880802712 123 
1900828504 30 
1912735600 54 
1914067014 88 
1940993576 78 
1971916983 86 
1992804816 98 
2046638568 174 
2054967878 134 
2076648011 180 
2084862947 59 
2112646779 63 
2119166078 157 
2119516821 96 
2138288698 110 
2143830785 32 
2145841653 34 
1097770592 89 
1158782549 45 
1193814957 182 
1220593908 62 
1234874130 85 
1246141139 69 
1246718484 140 
1249491888 146 
1276041603 187 
1329860782 145 
1354084114 178 
1362288251 47 
1366760771 55 
1374460100 114 
1468313348 54 
1469677683 63 
1474998562 65 
1553425431 196 
1557056661 46 
1580653406 75 
1602322704 96 
1613536956 71 
1702134813 47 
1719636703 71 
1762372159 74 
1814323275 51 
1832581748 200 
1869990483 94 
1878483528 66 
1925235444 117 
1929971494 139 
1946404289 143 
1962975537 186 
1963450545 164 
1968483891 141 
1982924371 46 
1996860027 70 
2063098156 -1 
2129597989 81 
2142360910 41 
1078557689 43 
1086175921 212 
1153504023 74 
1156913962 195 
1165817695 208 
1191518001 58 
1203841805 194 
1208913694 84 
1214367003 21 
1226935891 197 
1247772167 135 
1251437257 184 
1303589525 47 
1324804539 169 
1334566670 112 
1346228416 194 
1403341115 193 
1406315126 79 
1407717541 35 
1414200183 135 
1440701643 188 
1472542509 109 
1486392180 194 
1520355129 119 
1531851135 110 
1537498352 30 
1557405505 131 
1589638035 176 
1612047295 72 
1620589182 110 
1654903804 95 
1667147002 80 
1674713380 197 
1731243173 63 
1735725868 81 
1753496632 111 
1768957569 151 
1778740349 172 
1882106603 44 
1912524954 76 
1914309387 69 
1927458051 31 
2062606954 130 
2098515945 101 
2116031417 196 
2121490282 104 
2139525793 131 
1074661218 32 
1088326875 193 
1098144178 125 
1130479628 54 
1160088944 42 
1201203890 104 
1203635153 82 
1208018124 116 
1234017605 103 
1268695919 73 
1282146487 36 
1316425408 41 
1337621210 30 
1369399853 67 
1373010126 168 
1391308533 146 
1419537528 48 
1429834773 146 
1435660529 172 
1446876536 41 
1455281498 100 
1461140591 88 
1486524131 134 
1492409295 68 
1500581896 69 
1559018972 -1 
1602755874 56 
1642528477 96 
1648231277 47 
1668981461 57 
1692339727 68 
1749430697 65 
1816241730 171 
1855644354 198 
1861630209 125 
1884871042 58 
1885615465 210 
1926209507 130 
2074764580 116 
2085148741 104 
2089377775 28 
2100682265 81 
2117904864 37 
2140148843 184 
2147483648 0 
2158739297 45 
2161866661 134 
2170817526 43 
2175281486 60 
2183165526 80 
2202748538 110 
2236055885 86 
2241671652 68 
2256844410 54 
2295427650 76 
2313979719 61 
2329769306 51 
2355928099 102 
2361004686 40 
2362299967 63 
2409735820 183 
2413112781 40 
2420704155 110 
2436913667 126 
2447586614 43 
2528693243 181 
2535489351 111 
2563102207 65 
2618454023 90 
2623377642 93 
2634298259 103 
2657216996 50 
2706844729 47 
2735627864 61 
2740675959 44 
2770205772 97 
2779682079 40 
2846465646 69 
2851560768 100 
2856722917 192 
2864969319 62 
2881673063 138 
2884257211 120 
2941190588 118 
2965704793 182 
3000416874 68 
3050171917 74 
3064441375 57 
3066299111 86 
3080856613 40 
3104912663 80 
3119755569 113 
3165332274 65 
3188446087 57 
3196134304 129 
2182539362 198 
2201570726 43 
2224209700 73 
2253304218 64 
2256366574 89 
2271735987 119 
2278521588 192 
2284659579 159 
2294264474 92 
2324997895 151 
2325677253 78 
2360821464 193 
2412835244 190 
2417251177 65 
2419287088 33 
2420693406 104 
2425786238 104 
2448346886 142 
2453679502 104 
2456200357 40 
2541898648 122 
2556828086 151 
2558741782 119 
2569716396 105 
2578407828 45 
2578844679 199 
2588358034 88 
2597940758 124 
2690311632 44 
2695010427 123 
2745060003 -1 
2799481839 39 
2844926898 166 
2849091431 133 
2853530090 37 
2943189367 146 
2949573572 37 
2952780657 142 
2972078593 97 
2985324788 143 
3035370662 124 
3061302478 32 
3083203707 144 
3092827427 177 
3184388974 -1 
3189810451 85 
3202338289 72 
3220267638 60 
2195007435 65 
2201562374 72 
2208368996 192 
2245280960 144 
2258115380 104 
2325322215 178 
2335665619 63 
2359756244 119 
2376568066 117 
2391722540 88 
2420384046 52 
2452012477 59 
2458450603 55 
2459070261 198 
2488857092 28 
2492556816 75 
2493270036 96 
2503641634 75 
2517790599 31 
2521940000 57 
2530533068 66 
2554025997 47 
2582220348 144 
2624710189 87 
2648065675 84 
2651490342 89 
2669592201 74 
2694053625 86 
2703452892 169 
2736166615 169 
2772753756 -1 
2799273900 88 
2811372833 116 
2812785783 32 
2830891104 192 
2846572622 87 
2883400629 102 
2956774011 149 
2964525232 184 
3003480523 194 
3027685203 47 
3039128441 193 
3041699963 83 
3109175101 199 
3119011845 208 
3128788471 204 
3131901162 197 
3164704989 70 
3204050995 77 
3210028014 94 
2163140938 46 
2192290959 95 
2218595145 177 
2284546192 138 
2370505210 202 
2449717550 80 
2452666748 52 
2472316748 94 
2479142385 54 
2485448454 200 
2489048342 33 
2516752079 118 
2518725434 57 
2529586540 197 
2538488309 175 
2578497453 181 
2590106312 179 
2592118949 96 
2592742469 73 
2646086756 145 
