HEADER0:1025
HEADER1:1792
HEADER2:513
HEADER3:32772
9991032 282 
21603338 258 
70446265 48 
130953968 144 
137685537 57 
144862098 144 
153064573 132 
163058191 82 
181187927 87 
186128323 290 
195911233 40 
202693889 78 
204112359 117 
216051541 28 
229336968 138 
230727371 -1 
240032446 116 
255935019 96 
270895908 168 
295561065 98 
312949110 304 
325517659 111 
361299311 118 
364315674 275 
382808629 81 
431325532 272 
431930180 128 
452073733 104 
456375436 197 
483491279 134 
493545981 164 
494909898 51 
496910718 36 
503483043 129 
503608667 110 
505577433 99 
540582258 -1 
551287241 287 
554176402 121 
563892442 83 
569293801 76 
569760801 270 
577891186 178 
584697274 284 
595047087 280 
615127068 145 
651322118 114 
674459250 167 
680896739 304 
718210933 50 
734507301 192 
770279331 64 
799224545 186 
817954858 130 
824590954 65 
828594757 114 
834834149 71 
841043336 163 
867384450 167 
867915702 250 
919527822 86 
931702366 123 
939683681 105 
947144898 52 
950932181 44 
998311641 177 
1025851832 103 
1063547884 315 
15146672 292 
49015480 87 
50820605 172 
73262624 208 
77061753 145 
77768479 102 
95606156 112 
117582088 150 
126004755 242 
153443180 346 
179349933 58 
199671856 285 
221023533 188 
231527364 271 
234460469 29 
269466128 117 
278501186 293 
282393472 271 
285413267 124 
312596144 108 
325632260 287 
327202523 101 
358726747 199 
372750063 297 
379244175 114 
389256190 124 
389841646 257 
395251448 46 
399932594 304 
423204471 295 
432000393 -1 
437563691 240 
456202813 -1 
459131408 -1 
461603127 288 
469627713 53 
495749760 197 
506714903 167 
525899653 91 
557285831 45 
571481597 180 
596304232 47 
607489421 67 
621029992 287 
627548133 34 
642945992 273 
648217589 166 
686427595 180 
693709271 143 
698389962 66 
700890896 544 
718382151 283 
727812414 66 
729333772 126 
733583221 267 
752329453 50 
766155580 186 
770118133 148 
771342901 184 
775479229 324 
810871911 296 
813313547 81 
817080083 174 
850323696 298 
862476536 -1 
888902720 267 
910919630 294 
913385222 127 
918675573 75 
920685216 167 
922310661 283 
922896155 113 
929697782 183 
950220304 300 
976463282 304 
1024480857 161 
1042923282 44 
1066573334 71 
6051105 278 
19872621 136 
28030358 197 
72814215 109 
87766666 168 
99954529 215 
179799301 160 
187062206 147 
220793572 199 
221478249 253 
249817578 -1 
252302604 130 
287799151 296 
297253911 119 
297943008 300 
326274919 104 
341780108 295 
379120088 224 
383809149 76 
387936746 165 
388451084 135 
388507291 52 
388805592 311 
407701029 88 
409277869 71 
409338983 280 
469921905 123 
473737075 128 
478933583 79 
480408946 300 
506112181 -1 
509007657 73 
531205595 267 
531539616 52 
533662011 121 
537377622 299 
540633513 55 
563132678 60 
566302062 292 
575971476 102 
581613801 292 
585756706 279 
617501456 107 
619543185 160 
640245736 301 
662251864 74 
665782835 207 
671723068 303 
672815616 104 
676204994 294 
689038546 296 
692224687 48 
720595253 110 
728969750 312 
731816031 301 
743440386 172 
749096465 201 
778486047 88 
799306742 304 
807133910 -1 
813546536 281 
846199461 304 
846350755 114 
849327539 265 
857937776 75 
874893497 101 
876300026 243 
877424234 230 
888093712 297 
888223156 270 
898385065 62 
908735788 306 
908954788 131 
915291828 36 
919557932 286 
956963905 279 
960073463 89 
987694612 114 
988321349 185 
1000639829 448 
1058807704 137 
50387679 102 
73958942 89 
89114777 44 
96753603 166 
131892081 61 
169890054 176 
200409778 115 
218748114 216 
219161636 228 
220561243 288 
243531973 295 
277661288 117 
282934345 127 
289504961 67 
333067514 106 
346431640 287 
359746820 270 
382291510 263 
392700009 198 
413566595 301 
434319235 148 
439175887 231 
453505027 288 
459803487 223 
468243828 281 
468670151 122 
511287272 253 
530475816 315 
543315129 69 
563294990 198 
563812463 151 
588376472 33 
632997144 -1 
637403077 131 
646322986 220 
678242818 176 
695625581 140 
706631525 42 
737892231 63 
738362215 246 
739063848 155 
740190399 272 
751703649 -1 
762808204 138 
766833518 129 
767321290 182 
775075008 95 
776210347 177 
804016842 307 
818580168 195 
843802843 100 
873893164 307 
880622304 94 
880668768 79 
928051413 215 
932010378 81 
946270415 272 
950697658 109 
981102884 165 
996121163 135 
1001212212 107 
1004835262 171 
1064676159 302 
1071716662 44 
1071722964 295 
5217786 269 
6450525 87 
11266287 282 
40806291 307 
61225456 216 
64816549 164 
74687702 122 
84537219 236 
120551843 79 
130930145 -1 
140789151 -1 
143275247 24 
156128255 32 
201374511 151 
213180977 300 
225888592 126 
242482477 284 
303203104 56 
314498995 86 
323644815 315 
374645023 277 
387101852 241 
401460417 108 
412917519 177 
439880945 77 
460701632 96 
464149622 119 
464412394 63 
480431342 67 
484324664 266 
484780468 131 
486586603 801 
492496647 260 
498559364 118 
540798312 114 
542473132 295 
556679259 179 
617949836 203 
628884210 49 
677343365 91 
682654730 -1 
700407458 64 
707182599 131 
708607526 127 
736416902 167 
738661878 163 
742176436 124 
749918608 32 
755314802 181 
761370774 234 
781319758 143 
786417150 107 
797731791 -1 
822990266 258 
825428829 315 
843668772 155 
860480801 67 
867290431 95 
876614615 34 
893280733 -1 
896004352 251 
900213104 60 
903236971 296 
916568774 38 
952239670 154 
952443219 301 
984467205 289 
988393486 93 
1023193476 -1 
1024483473 44 
1058486101 276 
1060522572 155 
12419202 35 
19129260 114 
26520738 101 
42946312 143 
43365402 285 
49192772 181 
50998994 91 
92475243 292 
93827435 291 
120859534 82 
128478955 311 
156500801 -1 
171168204 26 
184316248 43 
186454198 127 
189553854 108 
197238627 288 
209030497 107 
228534426 278 
229496387 172 
233799050 126 
248635957 -1 
275080161 320 
280767361 34 
289371894 116 
290321410 204 
292452125 125 
296782102 289 
306453119 126 
360191315 299 
372922310 276 
387012539 -1 
401150151 188 
406471669 120 
432739734 74 
434164931 289 
445258465 137 
452257335 104 
466937209 316 
473396161 208 
500107347 85 
522745910 317 
536057117 -1 
539815519 275 
552073218 103 
609488744 31 
616622937 67 
628789692 281 
674358661 -1 
695844047 101 
715045846 -1 
715385941 45 
723802723 310 
735542653 -1 
744179694 72 
751102195 78 
773880049 164 
780101764 268 
792156190 32 
792746176 -1 
804015218 70 
812434644 289 
893218997 117 
901155882 108 
902942290 84 
931202303 305 
943675072 86 
946627321 122 
963610986 117 
976599399 138 
994026459 208 
1007600584 57 
1011326229 47 
1017160371 124 
1038606108 198 
1058462644 47 
1062583537 123 
23963759 117 
59379803 111 
87514229 279 
95284991 64 
108445950 131 
156011737 76 
167872984 169 
180617333 303 
190029699 213 
190779431 294 
194944471 111 
220091843 106 
231991310 176 
270289652 73 
309953726 86 
335129943 239 
352380551 292 
354911049 132 
372427187 135 
400415533 215 
463975604 278 
465810510 141 
517529065 79 
609844756 296 
625389835 138 
644066216 292 
685307418 169 
699983718 179 
710889240 213 
726673824 192 
772167627 162 
784775335 115 
794390501 -1 
795023943 76 
825165503 151 
873142199 136 
879096232 295 
894922436 206 
908018633 105 
927101407 265 
928459317 284 
942043554 253 
944126850 205 
947405818 -1 
973443172 157 
999410265 173 
1004151538 50 
1005331482 58 
1012611764 134 
1036247881 38 
1063636458 288 
55157876 292 
62850679 221 
81499183 104 
83592855 266 
91515508 81 
92680998 192 
116264216 191 
123777449 76 
146875127 221 
148361514 293 
159191847 97 
161360691 298 
170759150 52 
172291754 130 
199959007 188 
199977963 171 
229320207 46 
237322109 294 
238268525 2521 
303860631 187 
322161306 73 
329189042 291 
347820131 289 
361627311 275 
361845247 111 
366375837 112 
375197611 82 
381556233 129 
382715851 127 
384406214 277 
414439581 295 
457099965 305 
457376737 119 
483149705 97 
503862928 285 
504901432 309 
506701603 302 
511970546 136 
571882159 308 
572209516 102 
572238641 124 
589578709 55 
615127247 212 
630558357 289 
648061992 287 
667228443 304 
668873455 123 
673733986 161 
680744034 208 
685922687 209 
710109323 278 
727335188 179 
770773454 215 
781298214 166 
803989026 291 
821662634 167 
835654702 274 
867293612 128 
924185611 298 
933231044 95 
963861896 232 
983875019 126 
985261840 156 
993205380 288 
997969722 248 
1018429618 288 
1019230317 132 
1023492591 285 
1033053873 142 
1046650193 224 
10757086 168 
58354546 121 
66543437 204 
79238715 97 
88935900 61 
143821015 -1 
153319100 167 
153807303 134 
193755189 -1 
217134823 292 
222510100 299 
223989145 84 
227255060 142 
252738199 309 
273205756 89 
301293209 172 
314652648 51 
328580759 91 
344790516 187 
366800678 36 
372413325 275 
390815740 305 
408595686 114 
431580949 -1 
433064723 139 
440517575 181 
466890736 296 
478981089 95 
487215304 85 
490535839 115 
492043674 286 
505479792 136 
509320498 64 
520804426 163 
527551903 283 
532794120 272 
536941019 66 
537043834 194 
552171586 -1 
553173544 245 
562842148 300 
578384499 214 
579467748 292 
612507152 68 
620980652 -1 
623090027 292 
634507264 180 
642669108 81 
660043172 -1 
755497984 198 
777660004 66 
792268616 36 
820488091 293 
836562881 94 
837664636 171 
845329552 124 
848108267 78 
851613800 111 
862758904 265 
887920848 63 
895815041 285 
895877348 146 
917533685 -1 
934089018 131 
945413016 283 
964831557 58 
1005716212 188 
1005997014 308 
1024843471 224 
1036441470 82 
8573620 172 
10605489 108 
13994201 268 
17417544 93 
66840789 108 
71203952 122 
88001171 191 
134505799 304 
176108477 71 
182287059 132 
190301650 301 
200747557 -1 
208548338 177 
220707710 183 
226322554 27 
233496985 291 
238368690 166 
269302012 314 
290854067 141 
313473684 101 
316074247 279 
328249077 75 
332612759 310 
360903729 69 
399128417 299 
424326496 301 
428236982 75 
441497848 303 
457455163 81 
461198292 45 
461422565 240 
474452711 38 
480433201 183 
480521240 246 
485590319 247 
496015100 71 
514727572 109 
519027988 293 
520982077 149 
531644102 196 
531886578 157 
539451070 31 
556693953 75 
564728851 78 
629672412 94 
660017239 153 
667060694 85 
699070850 59 
734386659 140 
785625460 81 
821850995 307 
822752962 108 
822846851 68 
835863765 89 
842921524 35 
861493344 199 
864938806 32 
876367308 48 
885204796 228 
903018239 130 
907274889 303 
932494802 53 
968445460 278 
990913140 -1 
992865443 69 
1000950737 248 
1003912351 61 
1015212914 120 
1021839208 228 
1040587709 81 
1053390516 154 
1056518380 290 
1061611833 276 
1062911743 302 
15061928 280 
22407791 99 
27658945 80 
78120160 58 
79374906 148 
88224338 60 
103154972 107 
108464194 112 
113667201 88 
132320336 272 
146550206 103 
153755165 89 
184936206 314 
199233286 184 
203686779 220 
208792416 -1 
221588207 -1 
222296804 54 
246398302 59 
288701944 295 
298654891 59 
308720569 123 
313092022 95 
423871581 246 
453560172 261 
495959744 298 
511787702 133 
595602378 -1 
631403845 202 
659859549 291 
678210973 70 
701057525 310 
711183891 91 
714625639 263 
734823380 107 
742542720 131 
754404507 63 
760310872 248 
795024201 151 
816016076 138 
816106451 67 
839710006 296 
914758450 300 
920059393 290 
937932162 215 
950450084 316 
954895376 49 
995306385 292 
998225850 107 
1006185447 287 
1020904409 285 
1024558433 119 
1039312378 166 
1066946829 188 
8076170 62 
12282391 36 
37582801 117 
84155090 84 
108995761 51 
116641973 144 
126877392 72 
129312594 85 
134678894 51 
153321558 99 
175026526 100 
187962040 287 
188184755 208 
191303075 200 
201976606 183 
207823422 117 
274399124 41 
305844468 211 
318593314 180 
324610784 164 
346543978 234 
350311056 94 
358923809 163 
393518895 69 
402767575 109 
405692159 168 
487613217 146 
487788797 86 
515449786 39 
517158333 48 
524025295 221 
528589508 47 
535951605 301 
562345977 295 
585823350 107 
655185042 48 
677500685 125 
682659658 249 
703090890 206 
722715600 -1 
748234374 85 
752840644 349 
772163863 294 
817233168 319 
825025036 317 
862268479 96 
876907129 160 
881698473 229 
915495156 -1 
922739955 150 
925006277 287 
931707105 280 
989342895 -1 
989536817 293 
999268565 159 
1017192342 214 
1034879722 167 
1039340070 164 
1052689516 93 
1055117293 285 
1060217644 315 
1064745556 99 
2790376 129 
15616367 313 
53684199 286 
56736085 288 
66732592 80 
73535865 312 
83003411 168 
105424946 248 
123427667 231 
134246066 104 
138310764 129 
172677264 313 
181445996 290 
192337513 32 
205101435 160 
209298533 121 
209936902 88 
232095442 -1 
232579008 217 
233237056 113 
241289513 57 
250922114 310 
257473951 282 
264252139 98 
268813979 272 
269205304 56 
279781458 29 
305566424 101 
315338914 160 
342793486 161 
354349743 53 
357644379 122 
358203536 180 
391626660 86 
393588136 204 
414614772 272 
422511660 271 
434232109 273 
449410073 272 
464945332 63 
469337089 112 
496309679 143 
497635429 274 
509563693 118 
531603905 159 
538999685 41 
560158189 191 
569083473 253 
590985244 274 
634200964 215 
668566100 90 
681118613 198 
683473661 157 
687516101 283 
729218634 118 
792196013 223 
797277409 -1 
800847521 51 
801202464 146 
816701140 273 
818334922 66 
823860556 116 
845076020 59 
846692274 221 
853545464 308 
867446137 286 
877101422 132 
893710609 70 
895706005 147 
908305600 171 
933231383 93 
979112820 194 
991627029 -1 
1012529337 38 
1018971710 32 
1025997863 59 
1046418113 106 
1057387182 295 
1059432154 72 
1060964446 130 
1067771945 84 
1068282167 155 
6450745 297 
15126347 282 
21941121 201 
29469669 287 
30096802 73 
30700892 184 
40729724 55 
64587217 -1 
79529927 201 
83130879 308 
85029403 83 
92588512 176 
125921302 170 
142523506 232 
146699112 286 
151302293 97 
153921876 274 
177249234 118 
199453329 60 
226250008 278 
252627531 313 
255135180 98 
257530200 302 
261691408 53 
263668982 206 
289690609 48 
298524628 139 
349726008 285 
360964752 94 
399811256 274 
411279218 292 
432246895 75 
438942586 156 
463750088 40 
467938842 276 
493479627 125 
516325324 100 
524027021 227 
524249880 250 
583264748 122 
594754361 105 
595705075 108 
600828789 183 
610722641 41 
613160130 106 
628530817 123 
648607179 81 
652033875 197 
659405981 260 
688838657 296 
688849452 163 
693764535 168 
695909189 294 
695993989 253 
710415490 151 
735568976 292 
799986111 164 
804581554 109 
809480073 295 
829912544 98 
842995384 155 
854876278 182 
857071874 177 
858988401 141 
880096937 97 
883548901 64 
890094767 72 
891408351 73 
895434672 73 
941877935 297 
953196694 295 
959030590 60 
959174209 317 
969928588 261 
975853993 224 
987944903 145 
999551928 76 
1007089410 46 
1026401733 285 
1038457789 -1 
1061073095 112 
1068926394 54 
18069653 145 
22853619 100 
39686657 157 
60681079 170 
63406138 285 
71126089 95 
80629516 177 
124755569 66 
159763758 122 
166117443 309 
192748870 299 
203561981 131 
235691831 175 
237274403 44 
263383261 273 
276770857 208 
283956734 287 
294737955 107 
298661439 85 
313804697 192 
317248115 173 
317766683 77 
320899766 92 
322114222 313 
334291300 133 
355292696 131 
382643641 144 
387753181 105 
406966263 295 
410048222 292 
440555340 322 
455350291 245 
524013423 117 
529458739 279 
557815722 49 
559755246 217 
580875023 307 
581745372 288 
582568646 285 
648555336 208 
654829130 192 
687494425 247 
698386034 296 
699199723 264 
725140832 95 
728820736 303 
801289014 78 
813469689 314 
817339126 308 
832154045 306 
839382065 61 
878654435 106 
886518639 70 
903764709 289 
910954088 187 
938027499 283 
1002106629 166 
1003136080 150 
1016198423 176 
1038006147 224 
1063820820 78 
1068661962 84 
1071406342 158 
34943153 -1 
35574586 96 
55114922 56 
64611241 -1 
103773656 200 
139639462 293 
143976961 151 
147233977 300 
153701460 104 
178921426 193 
188078753 85 
194612103 94 
226009370 143 
233529997 76 
241802205 39 
254061864 32 
256229489 235 
262798545 306 
266104725 310 
298177987 258 
313201086 93 
321828526 54 
360204743 309 
370646209 157 
386199930 298 
387260835 297 
388924550 309 
389083869 60 
394681428 56 
421844748 283 
435722534 296 
448751061 186 
469999756 284 
476141575 130 
476302251 145 
482130224 226 
483251982 101 
491340227 258 
513289283 238 
518674164 271 
536037811 269 
544782938 86 
615193455 -1 
616908530 123 
624225586 111 
631111521 154 
640172659 41 
692531402 48 
697128951 297 
708301457 301 
729997108 49 
731554667 79 
737917229 185 
766706034 285 
769605354 165 
774102683 44 
782624754 83 
814466954 81 
821221443 203 
828490306 299 
830007883 172 
831238824 300 
877440937 285 
880437646 225 
892181670 -1 
893105207 107 
898956771 317 
906749455 174 
909292772 302 
927858256 94 
967194194 47 
967849278 65 
970061252 121 
971707478 -1 
976399367 73 
978401750 302 
994367401 285 
1022827141 63 
1056996168 105 
1064663655 181 
8636079 93 
13464540 96 
24720915 118 
36168310 256 
43689538 96 
69047091 99 
69742567 131 
74034249 -1 
104291951 164 
106125864 91 
134929743 56 
154878394 93 
160541018 311 
162751143 200 
202354990 159 
202833827 30 
230674914 195 
232272705 299 
251410009 -1 
261690573 167 
268806443 291 
286465015 63 
313988528 138 
330781893 34 
337471274 187 
393094245 94 
397904163 106 
411742433 223 
421964532 302 
431118482 291 
447305301 129 
460672400 219 
482747893 271 
487441008 178 
499897755 63 
526376617 262 
529417375 117 
547869310 249 
580821483 120 
590802932 105 
600100980 113 
610857224 71 
632898365 205 
633133307 108 
659549392 134 
674172913 159 
704585396 306 
713557745 135 
715361656 -1 
720833759 215 
776106090 149 
787336775 -1 
791664993 264 
820575316 66 
827997595 293 
839838223 289 
846630146 288 
853521359 255 
874608513 160 
882147836 232 
886225799 270 
902701738 215 
910340930 106 
933369943 130 
955241320 179 
959847320 95 
976782635 147 
1010559731 314 
1017063178 311 
1042580461 302 
1053481270 76 
1056656783 213 
1064819842 167 
1069399560 110 
1073741824 0 
1092759278 312 
1093482908 -1 
1106662079 303 
1185015876 284 
1192337752 105 
1200715922 160 
1205942799 285 
1214995899 126 
1227992127 230 
1248911382 64 
1260461141 285 
1272934559 -1 
1275079579 85 
1278759873 295 
1289317532 202 
1306772046 71 
1321025901 298 
1326644146 132 
1390351978 301 
1397088364 301 
1495285568 92 
1513514386 108 
1527114042 179 
1554777334 299 
1564544650 -1 
1571691616 264 
1587968387 301 
1593676125 127 
1598126818 81 
1613965058 148 
1618796905 59 
1619544223 212 
1621729345 303 
1674249259 291 
1688897618 102 
1699366207 45 
1741715422 242 
1741913522 86 
1775253271 67 
1783744399 292 
1787199686 92 
1791858702 162 
1828524863 276 
1841200566 -1 
1863937424 304 
1880331890 85 
1907740446 43 
1911740513 48 
1945488962 43 
1952764888 223 
1980258895 125 
1994667866 166 
1999991826 -1 
2014692852 288 
2018109023 281 
2033866696 147 
2078353633 282 
2078625927 -1 
2098553997 60 
2117558082 176 
2129514079 100 
2133996254 315 
2139079217 300 
1082078209 69 
1093189686 46 
1122017225 58 
1122933314 71 
1123575168 263 
1132043855 291 
1144278650 138 
1161725210 314 
1164631193 157 
1174254715 -1 
1190635958 37 
1220278288 72 
1241540824 200 
1246153728 162 
1336269027 124 
1348678599 300 
1363684819 293 
1367032768 126 
1372819003 145 
1385232694 100 
1406756116 97 
1427657181 298 
1430861927 311 
1460872805 133 
1470552522 -1 
1475467245 172 
1483113710 273 
1487234196 78 
1516823212 125 
1524987256 88 
1542119744 179 
1548476055 213 
1559863913 86 
1566367809 52 
1573736304 111 
1579205681 -1 
1579333222 280 
1607227468 165 
1610553022 37 
1654204206 307 
1657188719 191 
1665863998 170 
1671252805 302 
1694590478 301 
1720909810 57 
1732207609 310 
1770061278 127 
1780409590 95 
1781362116 142 
1837508292 62 
1851210442 173 
1906629131 281 
1914301670 264 
1934744545 52 
1934829957 265 
1936876529 299 
1938615193 38 
1956127408 45 
1971651523 176 
1989558857 307 
1992058957 294 
1994859028 127 
2018675649 58 
2033374125 108 
2042081542 167 
2045112439 64 
2050443521 112 
2053882158 302 
2064939975 149 
2094673144 179 
2122794164 184 
2127276578 293 
2141211785 64 
2146921891 84 
1075390844 219 
1088314851 298 
1091046767 241 
1091827102 289 
1099104124 201 
1099729643 97 
1121298911 185 
1124584420 185 
1132619394 317 
1142211783 261 
1173299148 268 
1173890546 126 
1221944119 63 
1224355315 309 
1228016987 102 
1258159620 95 
1269138479 95 
1298991302 -1 
1328703883 46 
1357448663 307 
1417218911 97 
1420422007 90 
1440223984 102 
1446156428 205 
1450973603 170 
1462498010 117 
1478902623 235 
1499113704 95 
1500454466 103 
1505496537 278 
1536879147 50 
1551849224 293 
1564124681 50 
1576514039 170 
1579922191 144 
1581790844 286 
1599952704 201 
1602930689 298 
1605354277 136 
1629699073 240 
1630870337 138 
1638031352 262 
1641110760 118 
1643753708 146 
1661759114 95 
1668678550 238 
1669499873 230 
1690469179 116 
1695353967 297 
1697050980 294 
1737231429 279 
1758832025 152 
1788287632 84 
1807360489 77 
1809399430 108 
1859815048 234 
1862389604 51 
1912419477 134 
1922941496 294 
1937009314 307 
1978120776 91 
2022268671 138 
2032597004 262 
2072422924 66 
2074608748 78 
2095622389 70 
2115626294 54 
1084808669 64 
1091022403 -1 
1105506701 145 
1107315757 51 
1162332144 -1 
1165735468 287 
1184244639 32 
1201416933 282 
1201870462 148 
1242189950 290 
1242495156 281 
1268875394 311 
1307325369 155 
1314645252 187 
1407164618 300 
1410987954 300 
1418909481 157 
1425672311 278 
1437519809 297 
1438931895 127 
1529398964 76 
1537113749 204 
1557010520 144 
1557520779 134 
1565633620 198 
1565657574 163 
1592640771 154 
1659299856 113 
1674108338 285 
1697810663 305 
1706721134 306 
1715913711 142 
1730959912 204 
1733436059 150 
1760911220 157 
1771056777 307 
1779069154 90 
1784793758 202 
1789173186 313 
1789889921 121 
1805879189 137 
1812655392 189 
1814360407 70 
1850995447 275 
1851892159 118 
1855370884 104 
1884961628 177 
1891446077 139 
1943227732 256 
1959327440 120 
1962031552 301 
1974251338 96 
1983441644 156 
1989211275 296 
1997432105 102 
2002161263 293 
2006325897 62 
2014983769 109 
2016439874 166 
2037340321 198 
2045072673 283 
2055707314 55 
2077316088 60 
2078014023 95 
2088817075 244 
2092183029 84 
2094862083 279 
2135953097 70 
1125962378 36 
1183969433 110 
1198466822 89 
1208199762 149 
1217096934 76 
1273512879 90 
1274755380 38 
1277656093 285 
1353015558 188 
1368609381 138 
1403494577 54 
1407299168 299 
1410195018 99 
1425144292 34 
1436928634 52 
1470736073 51 
1482410219 116 
1483201406 148 
1487819703 321 
1495222401 113 
1518047235 281 
1540419860 151 
1569082162 301 
1581552786 156 
1582306769 126 
1610459034 298 
1618676238 53 
1624094642 96 
1626485691 285 
1639217991 74 
1648266768 221 
1650124790 105 
1662145419 200 
1669998108 39 
1674530812 274 
1686549816 66 
1730578260 48 
1750212821 145 
1751523263 160 
1769267848 291 
1784486493 299 
1788024268 68 
1810935367 113 
1819813562 130 
1838849350 168 
1865664318 86 
1893149237 96 
1893827347 104 
1917161971 124 
1952320273 150 
1966618471 114 
1967011974 306 
2009237927 135 
2040112693 107 
2091342961 298 
2097955095 281 
2098702088 263 
2121631628 167 
2124518627 60 
2147471813 95 
1110045924 305 
1134436693 38 
1137023914 301 
1145918649 54 
1172140353 306 
1187364257 123 
1223212229 151 
1229792375 219 
1236604680 119 
1247061052 176 
1248042089 177 
1293902355 101 
1294408942 76 
1332037961 149 
1382776932 196 
1390538693 133 
1404241003 152 
1413657510 143 
1439031769 190 
1439386853 176 
1473826133 294 
1497206086 282 
1499494062 152 
1511272394 306 
1518509733 98 
1531057826 300 
1564566611 255 
1584134644 117 
1585138240 121 
1588475026 112 
1592412337 189 
1611202340 269 
1613465452 195 
1624619637 159 
1660856027 93 
1664775445 -1 
1670327220 80 
1689776690 137 
1715298909 303 
1729049801 292 
1753486054 91 
1804368083 105 
1843798656 313 
1843831717 175 
1879486680 281 
1886290109 161 
1900720973 157 
1973039386 305 
1980310230 521 
1990462279 41 
2001737642 -1 
2009418236 98 
2009855022 71 
2023641467 308 
2038747870 302 
2043406576 40 
2050071606 182 
2058174994 45 
2060736495 300 
2064822690 307 
2083254998 305 
2089877828 185 
2092226148 170 
2108763036 245 
2111088975 292 
2134590665 111 
1102878093 302 
1133036103 296 
1165502286 284 
1176908912 120 
1185149115 182 
1234137499 86 
1257718275 199 
1274958955 120 
1275426740 44 
1281959883 285 
1284911424 64 
1290364467 272 
1291820379 118 
1310533197 45 
1339910372 300 
1350130764 71 
1372270956 150 
1441341593 122 
1448292756 -1 
1448529600 259 
1467227313 294 
1475706969 74 
1576587167 185 
1600673731 296 
1625559310 78 
1626994060 294 
1632275530 46 
1638971634 131 
1644845857 64 
1647389511 63 
1657566243 301 
1659731128 296 
1660248850 201 
1735542748 219 
1753312214 293 
1789322397 87 
1812423620 288 
1873134298 72 
1886577508 311 
1897928670 293 
1910882960 53 
1920549717 162 
1925203710 93 
1937341013 88 
1937723986 154 
1945145346 269 
1969717909 102 
1996430923 33 
2022837987 97 
2053678711 173 
2077646415 131 
2079161121 73 
2085750854 335 
2129598119 121 
2139501327 231 
2147483648 0 
2186825668 60 
2191125679 34 
2218255169 185 
2236786876 55 
2258562319 150 
2285316844 43 
2291985949 72 
2298911650 107 
2316697725 55 
2327363127 144 
2330219008 218 
2344427787 52 
2380699759 85 
2381716817 295 
2387712117 129 
2411383388 170 
2415563754 190 
2430938750 119 
2453313608 112 
2471253013 111 
2475932049 306 
2484898225 119 
2493294765 165 
2502507521 39 
2521451327 148 
2524964780 142 
2546017855 119 
2581829247 146 
2587529282 65 
2611825203 275 
2632876616 310 
2674263785 309 
2687178888 172 
2784621334 263 
2796980321 205 
2838178602 260 
2841898300 153 
2846514895 282 
2847891643 48 
2849386794 158 
2854575250 303 
2859227890 83 
2885832268 67 
2887966995 140 
2904527365 84 
2923828132 105 
2925227393 92 
2928057800 67 
3000594356 285 
3036229865 75 
3039538506 -1 
3053098716 47 
3058496387 84 
3059216011 285 
3067379875 60 
3074823678 42 
3096524741 80 
3149358872 109 
3168230218 166 
3172716842 55 
3175017322 112 
3184422753 30 
3188559461 -1 
3219954896 63 
2150383200 294 
2197572963 226 
2247725316 181 
2261121061 73 
2286999756 64 
2315945756 162 
2321941030 146 
2331693125 101 
2345978567 90 
2356784620 222 
2363963699 91 
2379781121 76 
2390810777 280 
2394975167 299 
2398286839 -1 
2407820806 200 
2424934096 83 
2439927407 299 
2443121826 28 
2462671331 54 
2477136114 293 
2532969668 290 
2538153144 83 
2565101363 211 
2604746937 287 
2631900039 169 
2644312253 122 
2656773663 21 
2687745749 184 
2698122181 275 
2725807742 124 
2753655501 139 
2784848930 80 
2814424090 290 
2817864292 286 
2820240944 31 
2821046324 124 
2821691754 99 
2836170764 78 
2857782587 270 
2863448655 305 
2864535478 178 
2873323851 142 
2881067364 68 
2890645227 -1 
2915380940 294 
2922745841 46 
2954459830 287 
2974471422 294 
2991670146 300 
2993563561 86 
2996385133 308 
3004583572 279 
3011785944 65 
3018616873 290 
3030331014 86 
3079285785 59 
3115767965 185 
3131026488 96 
3135311458 293 
3144684273 116 
3160759839 164 
3187661551 111 
3194012090 65 
3212437974 45 
2163285447 244 
2176817183 -1 
2195706044 298 
2199694889 104 
2200816389 255 
2217949396 270 
2222465276 48 
2243576038 71 
2247327958 189 
2274105674 295 
2280878125 242 
2281295893 300 
2301381648 300 
2303507827 88 
2346568213 295 
2380923727 287 
2390723819 74 
2393461611 58 
2425813831 207 
2471288752 98 
2499211597 299 
2521529373 231 
2550445537 66 
2551471779 254 
2555237029 110 
2556720343 175 
2568360028 47 
2584884540 158 
2613688367 168 
2634347213 98 
2637503973 149 
2642647554 123 
2691206096 103 
2715411670 292 
2743832667 74 
2747150629 94 
2747660367 135 
2753046970 346 
2756129376 72 
2773727428 278 
2782593978 149 
2791121795 295 
2817225001 231 
2824601084 314 
2864404301 178 
2891235837 67 
2939156108 305 
2953545782 45 
2970204969 301 
2975099256 284 
2976328138 30 
2985576377 273 
2989078094 283 
2993791364 205 
3005384584 285 
3012119935 273 
3063716695 276 
3089845395 104 
3111139305 102 
3113953222 290 
3133984273 59 
3137329800 61 
3160520525 58 
3167019736 264 
3175564135 108 
3175627411 153 
2151767186 102 
2156593010 92 
2165252162 290 
2166086749 107 
2172930939 303 
2189218591 132 
2195306070 198 
2202092034 -1 
2211919340 88 
2245824293 53 
2251720854 191 
2263908108 295 
2284192066 96 
2285517979 49 
2309481707 283 
2313140567 44 
2373542901 244 
2398883167 309 
2406173281 84 
2429363717 88 
2439197192 259 
2454687005 293 
2458897568 296 
2489196664 301 
2494650384 307 
2500025672 71 
2521221150 265 
2556761165 191 
2579959414 297 
2598638327 111 
2619299569 103 
2621698354 305 
2627234419 110 
2653094813 101 
2658145993 74 
2664662340 189 
2674014647 174 
2699457142 239 
2709644910 45 
2717248077 164 
2726063753 303 
2733319399 56 
2759027379 137 
2775926331 47 
2779029891 305 
2793726891 320 
2798826527 36 
2802090073 230 
2805042071 162 
2812302580 -1 
2820596807 102 
2823160621 86 
