HEADER0:1025
HEADER1:1792
HEADER2:513
HEADER3:32772
90222054 101 
94068388 -1 
97502545 33 
113329418 191 
150286524 56 
184259373 79 
194663654 85 
210513003 53 
215845760 55 
216443035 142 
240525823 39 
249934153 192 
272654074 76 
288845065 44 
295104571 79 
312414732 201 
347499522 124 
355607983 78 
356048081 111 
383963748 80 
392034285 -1 
407866467 83 
417757076 129 
445770344 188 
456911312 75 
483954038 95 
500967785 91 
520667457 136 
538057368 194 
561657065 63 
569872924 157 
574395615 55 
606550148 49 
632503157 174 
653415012 49 
653651353 114 
693867232 51 
697189564 43 
697352456 100 
766563830 102 
810567787 158 
825988679 194 
838290731 199 
871899413 118 
894668952 64 
900962186 186 
907305679 108 
926286984 174 
929078159 177 
965809787 190 
978282770 137 
1003916745 135 
1013172374 207 
52028889 122 
52191480 109 
76855442 40 
101695628 69 
105952479 41 
127383504 65 
127901395 56 
141405131 71 
149982531 105 
204389402 107 
251201203 46 
253414638 30 
255117368 33 
280141496 46 
323811085 77 
327510460 101 
331931804 140 
344052815 60 
353891034 45 
358797876 99 
363873870 55 
417626813 62 
418434362 68 
480209356 193 
485501854 29 
496052706 42 
503800089 78 
537826628 30 
583212702 72 
586998307 109 
632694472 37 
672754731 42 
688967880 65 
749874313 81 
750403342 75 
759641448 91 
791660696 34 
811958836 99 
863812382 -1 
880464090 72 
962797196 83 
1005143492 35 
1031631149 84 
1043760612 192 
1045260188 39 
1063617301 93 
27597038 108 
36394108 -1 
101367929 64 
103751629 53 
104645798 52 
108006668 67 
140595980 72 
143729208 76 
173512719 32 
187558146 84 
187879756 71 
213317893 99 
244539627 81 
259941940 68 
293124422 55 
327253267 63 
332699278 75 
368019190 46 
398913417 84 
404939373 102 
427198699 64 
434686052 124 
451898156 117 
454083161 37 
471949952 96 
501911380 55 
512574787 134 
521664213 60 
540797132 52 
562750867 49 
567059708 180 
586607956 45 
610793430 45 
675162044 25 
677718279 94 
697145043 83 
732001601 145 
768764458 91 
776252234 186 
815290653 98 
843506761 114 
871673095 31 
916403344 124 
927687795 148 
947952781 155 
950520183 71 
967152341 30 
985143539 184 
993201647 66 
998372948 189 
1034407177 146 
1034790970 -1 
1041472408 91 
1048537158 127 
20984226 36 
30958668 105 
39206351 137 
48846330 95 
62934687 165 
68558189 66 
90375390 90 
96678021 75 
118263184 115 
147529504 70 
209179362 56 
217418849 47 
252188833 125 
261587473 103 
275816946 147 
366658719 48 
385843865 193 
399900350 120 
422290104 201 
425036972 62 
437688750 96 
446174889 190 
450746174 194 
454213506 60 
474362856 192 
476155406 155 
478814795 115 
480918378 147 
482526756 117 
498395071 59 
547233488 72 
557869720 109 
570237818 77 
577318845 162 
622033868 89 
635300229 44 
635589632 129 
671249523 165 
691244214 41 
698201444 82 
722122641 98 
740853473 191 
749298967 143 
749460504 23 
752719305 139 
755530386 84 
763148089 123 
773853597 107 
819509731 86 
849377054 197 
853628016 188 
867086229 65 
875002619 92 
891943109 190 
897498201 67 
901697421 73 
916943753 167 
921127305 136 
926499362 56 
928938237 101 
935688722 91 
936946055 112 
955029552 150 
958875904 71 
964239090 121 
978020946 90 
981464451 70 
1030312730 39 
11423622 133 
17060787 87 
55600146 60 
139064484 77 
140030150 91 
151528149 187 
163759573 32 
185608352 72 
217483071 115 
290323364 148 
296270161 59 
298186231 42 
330261262 45 
333284051 195 
352546160 113 
384466032 33 
400033972 110 
403797083 198 
419840563 50 
442094915 82 
460133068 47 
475780621 197 
558608289 45 
574720508 200 
594667024 108 
620103013 75 
628592702 74 
636556422 113 
693282503 118 
726352664 149 
740165636 84 
746096538 50 
771305474 135 
774979245 91 
809119448 38 
935999147 118 
950743175 96 
994383945 135 
995354499 198 
1019605587 27 
1032677182 72 
1051328634 151 
1058353220 178 
31942710 200 
54821022 191 
60059586 51 
67613453 95 
77080125 46 
111740031 189 
125111549 143 
133478026 69 
133755633 53 
150850812 132 
152271217 200 
210968569 84 
221877929 173 
257789251 194 
306210893 110 
345658824 198 
354488244 189 
367631704 46 
378673982 151 
379596080 137 
406621873 98 
418682401 66 
459379768 92 
475485761 70 
515219421 178 
520000766 38 
530927933 75 
538746783 66 
547747670 105 
577962923 66 
580114893 70 
597787608 36 
599038121 154 
599040177 52 
633651686 34 
652263403 59 
656178144 160 
700825329 131 
707655050 80 
718387382 92 
718881102 70 
740490339 85 
798841053 38 
806939407 186 
815565771 90 
851331448 66 
907217503 84 
957055444 64 
968807491 134 
1009983546 79 
1040328462 111 
1042533387 46 
1073130288 132 
16226392 122 
16882618 117 
33334964 188 
41281050 70 
48410468 93 
50816921 89 
61348347 39 
73495693 26 
75170984 116 
86463636 160 
106294278 109 
111177467 71 
115250664 102 
133166305 185 
139422013 82 
146364077 102 
155412692 91 
167360325 100 
196364280 34 
217848849 43 
232582208 107 
252897241 42 
280797696 94 
288979182 98 
433879943 57 
465992927 91 
516182204 88 
534758815 35 
547490208 136 
550912825 114 
553180667 87 
577945369 94 
602785351 177 
604041814 94 
619766792 62 
635834594 185 
673951271 165 
691725571 71 
692212788 70 
693932199 132 
713071619 3473 
721201109 70 
755288131 153 
762401364 79 
772120793 146 
784107581 76 
788034914 68 
803295415 63 
803483317 116 
810377277 119 
814585383 194 
818524635 159 
834195639 -1 
839850091 131 
857735872 97 
865843555 30 
883172791 34 
921613903 49 
952171115 131 
1000740762 69 
1008953684 91 
1023327775 188 
1045824523 94 
18943728 53 
20830148 190 
28415079 49 
50342402 193 
55472077 192 
68951643 36 
85827014 52 
91391412 44 
108915934 91 
156326499 203 
165443569 71 
174205988 107 
189887532 199 
194036886 31 
215597163 106 
228353671 79 
242395510 192 
287436686 130 
326088522 73 
358008714 194 
386984063 28 
396149555 59 
416170579 193 
454818408 93 
476624888 133 
486764164 88 
491595057 51 
497759695 55 
512444695 127 
535801120 80 
539384525 122 
558989745 56 
577334715 130 
584830679 64 
586804295 46 
631894804 60 
633843691 92 
656486308 72 
666068027 106 
697914052 152 
701130079 93 
757658823 162 
778564794 43 
790619007 195 
799154584 105 
815008013 163 
826507676 49 
862694627 151 
899788578 60 
916383491 146 
1040174605 39 
1041606707 205 
1044729627 100 
1069371333 191 
2886410 32 
54584987 48 
65289751 100 
77856431 90 
83494968 88 
88488934 101 
136014387 43 
150207074 54 
152958299 63 
179139811 191 
188549963 45 
217887701 33 
281115999 188 
287022103 144 
290237289 191 
329717093 41 
394682886 191 
394838820 49 
395429926 37 
417932963 67 
422801631 48 
437924987 194 
443602806 137 
466540226 148 
474231374 198 
481129340 160 
510306441 99 
533966465 205 
543706223 199 
590106171 204 
600301573 75 
626621181 37 
652982134 49 
653213080 41 
664063345 44 
669314438 190 
686743126 168 
703787333 98 
738899026 87 
741198349 126 
800640329 189 
810015731 194 
819208442 44 
823192292 132 
845282636 -1 
853493224 90 
859366263 112 
881060160 94 
996834796 128 
1024553802 219 
1042264633 74 
1042874804 92 
1055305370 49 
1058139901 121 
1064604782 169 
42177814 86 
50454813 33 
74861969 193 
81356403 34 
91234944 38 
118615600 55 
143467313 200 
176749929 129 
177739053 39 
204893056 194 
251833138 194 
289398668 -1 
295755929 54 
322013171 145 
331250002 120 
331674596 205 
355185784 85 
363590237 122 
411725608 137 
414871088 71 
436731276 194 
457984959 75 
475104310 69 
502768302 95 
534533987 50 
534853689 45 
552466419 71 
553698580 88 
616111305 203 
621194079 190 
633376853 72 
671256833 56 
698698911 30 
700887110 85 
708221308 188 
732887117 37 
734848930 127 
750257640 121 
754916022 70 
755154812 104 
763638663 75 
767983661 134 
806168479 90 
907508817 34 
913052501 92 
968361661 74 
976603835 111 
977293646 74 
991199213 192 
1005929787 130 
1008514888 138 
1027924731 65 
1058472287 183 
1068851104 -1 
9925592 133 
12932359 43 
80422143 60 
131183080 77 
132739305 55 
158097623 49 
200008641 137 
206292145 181 
222432581 220 
233318241 105 
276696103 64 
306659484 199 
318525743 171 
320883852 33 
322276614 171 
331521208 193 
333321118 96 
345161885 70 
385058207 82 
405104122 61 
414521558 72 
424454590 113 
429131473 115 
441620347 127 
460486684 43 
502487626 152 
509200837 58 
515273773 50 
526031365 58 
543345373 125 
551655630 136 
558411693 46 
614510709 104 
708020032 160 
718220165 145 
749442111 67 
752361097 57 
777513374 73 
792012418 -1 
796376066 29 
823302592 152 
826353826 165 
841636281 71 
943304547 130 
1015660535 184 
1018545076 191 
1048019067 166 
1048327186 60 
1056753982 158 
1068555107 194 
13008538 71 
45508100 136 
60844564 48 
99545804 40 
100937213 126 
110780056 94 
120752983 145 
124119780 94 
161684752 103 
181473645 68 
184176508 163 
234792373 192 
293138527 78 
322500498 131 
353902907 189 
393334436 32 
420686952 95 
421070801 170 
437045037 69 
441665751 178 
481396261 145 
489153917 95 
497820912 178 
502873588 56 
564044481 74 
572000504 74 
614903814 179 
631207562 123 
633835428 82 
703964604 70 
720430849 108 
745536334 128 
778470591 191 
794147437 188 
799245608 189 
811025542 69 
823542517 87 
826139459 75 
827378861 162 
850665710 64 
864765340 48 
893018367 109 
896919430 33 
921536389 177 
938597471 70 
967604017 211 
1016662260 137 
1018745293 122 
1019326600 62 
1037633564 189 
1044257034 34 
1065114955 67 
9708477 106 
18887846 87 
22561267 85 
36851046 83 
43603067 37 
60713085 147 
61066953 69 
95635510 93 
101895402 84 
121246212 99 
121788762 101 
154035574 92 
167678937 194 
226760484 47 
265510425 -1 
292322291 28 
321457519 197 
334575895 120 
386998224 142 
388868455 44 
391432658 62 
412703534 79 
414755745 61 
417460055 41 
459151940 181 
470144762 78 
474069347 191 
493096457 97 
499746135 85 
501963682 207 
524345048 131 
534424141 95 
586224046 6361 
594234852 194 
605290657 30 
614308839 113 
617112829 80 
630762562 192 
646953989 184 
706564902 163 
713331021 48 
715510718 201 
755480943 187 
759467192 58 
761845136 30 
768685261 159 
844722026 193 
852272536 118 
858208689 185 
889914856 102 
899230855 199 
904261263 33 
928714877 73 
985084251 76 
992610815 62 
1004178444 31 
1016193552 170 
1054724628 67 
1064205077 114 
1064443962 83 
14135060 129 
18950748 145 
70573251 176 
83218668 178 
143456896 52 
165079785 80 
166749854 34 
177833869 103 
281292792 152 
311602662 190 
320022513 171 
370464456 200 
403270938 99 
410361447 52 
456437847 -1 
501868412 36 
530430055 185 
544499059 189 
557719028 169 
565057588 41 
566717440 155 
570980572 96 
593655125 51 
620437887 132 
622323275 138 
642517342 79 
693837785 184 
696530420 200 
741020352 149 
743392140 89 
787755692 60 
800263007 159 
801756745 170 
812574588 60 
820879045 116 
832660468 191 
836058113 85 
888197494 126 
888759800 71 
910252395 174 
958958438 58 
973834581 65 
974513368 51 
976477786 127 
1000458110 104 
1005872579 75 
1026753354 108 
1030930712 118 
1031134604 98 
23347493 192 
67145692 151 
79667936 156 
131624653 184 
146149634 73 
170684771 150 
182926671 86 
183381610 80 
183436465 134 
222055727 67 
248240916 145 
293604374 89 
294801414 82 
295999881 40 
296846676 96 
323176159 113 
341554511 70 
341559245 136 
351847399 131 
364868599 194 
389129091 -1 
402819408 85 
406748042 25 
415843691 60 
446979229 98 
452963636 34 
469033305 160 
480324882 43 
480995980 212 
488006827 200 
592867511 65 
654090710 144 
662125254 164 
684798309 183 
703966514 125 
739841651 102 
753139554 187 
759678070 187 
761497781 57 
924309966 78 
941157615 166 
973988474 60 
1002488135 85 
1005990920 156 
11289608 92 
28222930 155 
32626899 89 
52744032 190 
75364019 199 
98160836 58 
107689175 199 
121276302 202 
137343789 72 
141943198 198 
148694374 52 
167591580 41 
179138863 116 
190660759 125 
200141851 150 
202881091 175 
216174479 44 
235466063 90 
276024878 158 
300539924 198 
318026886 120 
399426562 122 
401121970 130 
412006320 86 
432248909 178 
448801171 68 
479730258 86 
515249396 89 
542688020 71 
559057155 123 
573502375 96 
582287854 179 
588988400 31 
622646155 74 
628881318 70 
677823875 105 
721800159 55 
765164795 69 
765565959 198 
874586823 85 
878664028 124 
892405692 66 
907723007 181 
954593456 91 
964688000 59 
971425836 93 
978625805 106 
1006063692 36 
1006493758 77 
1042093083 75 
1501619 59 
26166869 107 
56669496 60 
149731126 86 
154855199 200 
166835077 181 
172127169 32 
199734421 78 
226416195 195 
226706846 176 
250542796 65 
257815900 197 
268870035 76 
269445969 75 
291861773 60 
329730240 61 
369852989 142 
404539746 68 
411782068 45 
414092552 31 
415737238 100 
423139438 206 
489980849 39 
518173279 196 
570832139 132 
610667409 102 
614566357 155 
681511985 221 
694679208 31 
725890586 83 
754949163 107 
758417030 193 
779790368 146 
787634967 36 
801763724 176 
814577498 185 
836014904 46 
837075089 61 
862510092 93 
882097672 37 
898984597 175 
976103395 203 
984855122 119 
987236732 196 
1005264544 57 
1028464545 77 
1036775528 68 
1048600724 43 
1051531727 98 
13817965 107 
16106278 205 
27377812 101 
28168138 103 
128651452 81 
131582296 115 
136486469 137 
139613408 173 
238414866 29 
270794618 65 
305226722 47 
324230391 56 
339622959 160 
340105359 192 
345424465 187 
350390565 110 
374267255 65 
383288186 200 
389482918 66 
390497726 58 
426020863 192 
458254704 124 
501304189 33 
507924799 189 
538311755 67 
546180474 141 
548068995 40 
568894751 199 
575076821 79 
585331478 60 
600198781 184 
600743989 206 
608361669 42 
617750633 178 
619526714 72 
630566955 197 
633444715 38 
678116652 98 
685920044 32 
700682017 121 
711225366 69 
712539855 45 
716633775 93 
766397582 97 
767698403 99 
781722390 196 
814417384 171 
869278720 199 
875203374 191 
876513098 115 
917370183 75 
958804104 192 
983470288 82 
1022369045 85 
1023510302 192 
1065205024 65 
201466902 85 
210927911 43 
211390302 89 
214992557 32 
228402123 130 
243306555 54 
247904188 73 
276375097 33 
292134518 106 
317401125 109 
366190049 95 
398992778 48 
400035048 97 
411253924 187 
418198325 143 
419976297 62 
440915135 59 
450791172 91 
463763723 149 
463997166 96 
464290981 65 
492663852 56 
516247115 41 
522014266 46 
529758805 169 
537908006 195 
552906079 104 
576046888 121 
576316336 153 
597248285 188 
622904972 92 
638775044 113 
679239335 192 
685291366 111 
694766915 189 
716615474 39 
723233380 192 
729807794 30 
752987333 117 
759607816 203 
776222652 146 
776680965 81 
779266050 204 
841581661 98 
884459795 141 
887193747 78 
913400590 163 
936092289 160 
972204029 169 
999731877 195 
1025482082 46 
1029106612 121 
1031300608 170 
1070311405 96 
25152300 130 
29989052 65 
43112563 33 
55061032 156 
115889698 93 
128719647 50 
149703326 103 
244358681 49 
251984257 35 
278427260 87 
314170860 53 
329660120 143 
332104099 49 
335427570 52 
385041329 113 
398779503 196 
411028384 123 
411896247 108 
462339992 39 
491858845 184 
507908102 169 
523327854 146 
528090336 50 
575795416 50 
586097111 152 
618988641 102 
632525380 46 
646501190 109 
647778333 73 
689506656 99 
692596724 55 
791416519 50 
812280402 81 
814433170 62 
887438294 186 
894397814 155 
909004220 59 
935832579 86 
1014955001 73 
1021328400 68 
1040566232 107 
53929337 50 
55321612 117 
90550928 184 
102189247 194 
119031932 54 
147868841 151 
183430025 56 
205976378 93 
234890570 -1 
266969617 62 
304018106 78 
309803995 121 
353548757 117 
354953733 41 
374694197 36 
389519745 41 
400801938 157 
404863260 41 
411683880 37 
451584461 50 
461710884 186 
469101810 70 
474119522 50 
495503958 37 
502839654 55 
512408103 94 
528409540 193 
537793943 54 
560453913 55 
577194392 27 
590287873 65 
608061529 110 
632287452 -1 
659296403 195 
660727697 60 
667981616 179 
674860679 49 
695264506 48 
729962136 62 
770437291 110 
816355002 113 
822598756 194 
836477030 64 
856521408 125 
867279993 195 
918600653 137 
941378882 83 
955376882 200 
969196512 63 
978945608 189 
996791203 193 
1008244454 201 
1045176480 144 
1069508886 195 
11423794 157 
49653712 177 
72874724 195 
108224223 166 
116712354 125 
118587209 155 
140142210 116 
152472222 193 
152784429 59 
166374551 32 
173565387 193 
245162661 188 
261544571 87 
300174878 -1 
334860911 42 
335513191 64 
340780748 56 
367478024 78 
368036254 148 
384119165 102 
429963897 45 
499667120 108 
524132464 86 
534374735 91 
562897021 185 
601727459 69 
619593390 33 
625760222 124 
647164654 171 
693799221 65 
722970952 157 
780020487 91 
823200570 81 
828115530 99 
867126878 122 
890761840 198 
929589600 192 
934900909 82 
941141032 135 
956462608 110 
1052925810 89 
1067721318 60 
1755382 70 
19297582 142 
39155120 198 
86998469 67 
124450120 112 
146862953 192 
158921719 83 
176886631 136 
239231990 41 
240026364 101 
242169799 50 
242795212 50 
271031591 63 
278175467 47 
331634317 205 
333861892 49 
366567550 54 
387365865 80 
393384256 153 
406008080 189 
423573177 86 
429547598 92 
453743122 134 
489408557 190 
494094023 188 
522525453 110 
566734968 152 
576780451 65 
588196321 105 
668386177 139 
695441788 195 
714077165 180 
731614167 67 
733925742 98 
734489361 95 
734882301 177 
740982106 64 
745488252 34 
772661322 112 
773740389 69 
775892867 30 
796127993 56 
836717981 194 
839338721 57 
854378127 87 
864696638 89 
869876136 52 
900714841 60 
920370322 167 
920478929 71 
924295140 60 
950620179 196 
967733993 169 
997366586 133 
1013244949 88 
1029767561 -1 
1035620739 84 
1047840033 213 
1057021327 53 
1066456782 173 
4384891 85 
6976254 34 
17936465 59 
26821200 66 
59386695 2265 
79510781 78 
132973212 185 
158542361 50 
185095733 62 
258945314 37 
351347188 101 
362666271 93 
379396171 78 
428236263 157 
433046308 170 
437714992 84 
453112786 79 
455565113 44 
466015347 73 
485826377 198 
497390320 53 
498154219 62 
503053057 56 
505044357 41 
505712426 167 
509493318 85 
634165519 198 
635973780 194 
637164922 59 
649349060 37 
669611123 51 
672807517 189 
693586931 166 
757213613 143 
769184329 102 
777092415 99 
781758671 91 
790292743 41 
847500801 88 
888533884 171 
897881308 118 
912422767 79 
942923890 127 
943019503 158 
8475879 77 
11819133 61 
25222754 46 
33152787 41 
60151679 97 
64365133 66 
84457064 73 
87337875 60 
92434288 180 
137099662 202 
211060452 199 
223191336 49 
237784483 120 
301010867 32 
387103261 142 
388989927 139 
392966231 -1 
407947870 50 
426490721 109 
459492144 74 
525151989 91 
538800224 194 
541839711 33 
590908473 93 
596445611 88 
605535771 183 
614655427 67 
643345733 41 
654760944 95 
655750120 85 
659315721 46 
663518705 84 
664494820 156 
682144297 93 
682839881 61 
730478095 95 
774163875 156 
795192157 89 
807068220 79 
836822545 91 
860086604 188 
870698946 98 
915740227 75 
926210274 66 
936633600 47 
968618888 54 
982830875 132 
1015283117 72 
1040573656 192 
20187834 180 
26240495 188 
26612792 67 
57839243 21 
94592901 131 
162647827 67 
214383909 84 
214536450 42 
309916171 127 
313974305 179 
332092471 88 
336305532 89 
336585963 143 
340169774 55 
376084315 -1 
392704254 137 
448758386 111 
458202454 82 
502997937 201 
533485634 203 
540398434 109 
543364761 187 
571053206 36 
578902103 64 
628330043 182 
629426549 90 
654433438 96 
708018416 34 
710298716 91 
730709486 90 
764332541 188 
814596663 87 
816748020 252 
832356399 63 
902362459 98 
929710822 39 
931758844 107 
945252906 136 
956659742 206 
1008107858 110 
1021788162 32 
1073245831 90 
36358761 63 
40341509 121 
84842169 88 
124077864 68 
141856911 50 
173628329 191 
175083688 -1 
191868018 191 
246956413 47 
326389615 29 
331348760 76 
344604378 194 
354040418 193 
370777995 77 
384348576 185 
391068290 57 
487635984 134 
524291277 120 
580946883 109 
584981395 60 
599272044 83 
655673877 87 
663148981 183 
672299139 119 
673673756 59 
690563075 72 
734986120 66 
746748342 48 
780650156 282 
816093374 83 
832899844 134 
834171998 57 
843046870 60 
891526647 75 
943345593 78 
967950256 150 
973675978 59 
997517507 78 
1015494795 27 
1027015203 39 
1029844709 205 
24245760 68 
33722272 182 
35678537 143 
67212303 71 
143619663 53 
166020267 70 
226993896 190 
243197103 39 
250452661 108 
302942730 93 
356528017 56 
368656059 109 
370103948 150 
416544373 43 
424338095 197 
434915549 94 
439461022 177 
