HEADER0:1025
HEADER1:1792
HEADER2:513
HEADER3:32772
42475621 87 
44373041 95 
59988646 40 
71179085 245 
101769371 117 
124151394 137 
130240280 111 
133094720 47 
148268438 251 
152574071 127 
165312465 204 
173050477 317 
188779398 149 
236966242 180 
240453047 -1 
248735446 33 
254025030 196 
275533741 75 
281137350 111 
299973525 163 
301969532 204 
307251734 64 
312627560 94 
319117212 89 
357308547 224 
367125218 229 
368369805 137 
394710956 241 
396433045 135 
419770759 138 
457064056 76 
463605721 235 
486696521 127 
494168882 73 
512266670 256 
517629714 237 
525702882 208 
550881917 233 
557528520 258 
557959241 246 
572582217 123 
584234075 251 
585093952 70 
628788525 44 
636810283 250 
664434543 99 
668273009 208 
718833420 219 
721025704 95 
722228670 126 
735425208 74 
743775972 141 
783267337 168 
844860364 -1 
862804078 305 
895587059 329 
898049869 295 
908466141 305 
917111267 100 
978224352 214 
994956154 164 
1011139774 316 
1028898199 105 
1029013593 199 
1030383253 319 
638470 296 
11000155 133 
18231019 147 
40548504 97 
45210543 125 
46534669 310 
61406356 320 
68255207 98 
80353465 305 
89387720 238 
120792058 112 
144703782 285 
145269117 75 
178434543 256 
179124993 59 
202786609 79 
251216359 73 
304665611 97 
312218999 102 
324941763 87 
363556254 98 
366098028 176 
393109151 248 
415458840 192 
475023909 75 
475391867 86 
475936243 299 
498637328 153 
504638079 147 
524711046 103 
553376970 201 
557748997 130 
622638684 306 
634474534 114 
639555878 128 
643111488 240 
645960118 117 
656098699 148 
663747132 183 
667002266 320 
672980584 327 
693829125 74 
729333395 295 
735489140 226 
739347744 238 
749214640 56 
755899001 103 
761379362 181 
768720560 218 
773388601 -1 
775785013 71 
805796625 146 
808416819 95 
817301247 113 
835762846 165 
860419331 162 
873843967 302 
893195074 117 
913171752 125 
929758107 172 
949130839 31 
952522496 268 
964943873 -1 
981496747 131 
981785758 -1 
992563310 274 
992579047 68 
998100747 163 
998910251 121 
1016491071 304 
1035492508 110 
1059523981 154 
1068831552 142 
1073721792 288 
21664100 278 
40866735 288 
48622200 300 
50635469 304 
55671069 290 
73964844 290 
82027793 177 
133463992 177 
140092579 96 
181161434 110 
194725237 110 
212582206 83 
228488609 98 
239892201 126 
302435060 281 
328231188 -1 
343151440 306 
379947360 88 
383073823 289 
400002645 156 
405474842 103 
425235164 289 
438638376 169 
447353174 107 
452937422 126 
475522605 227 
489886518 49 
538670855 68 
547116856 304 
571172982 31 
580555227 204 
622476283 66 
628909356 95 
629693081 155 
647454177 189 
649258826 170 
655383487 138 
674783801 280 
683909723 157 
686158022 157 
688734006 282 
719786147 303 
746825296 178 
759041285 92 
767675189 286 
771735044 90 
772401598 91 
813699975 79 
826140402 294 
830902237 112 
885203924 109 
917040609 119 
956979520 192 
971695595 103 
976172616 279 
976557553 127 
977742901 274 
990235093 278 
1010951734 86 
1034142144 269 
1063176439 195 
1066945665 62 
1764844 155 
12607158 77 
16002015 321 
33321536 290 
46162684 303 
55306991 297 
74701100 148 
95352533 -1 
123754409 77 
124396187 249 
129291676 301 
168410729 159 
186202153 104 
208386718 295 
221511498 71 
247515458 292 
249077956 271 
249087538 159 
343558574 293 
343636299 303 
349042643 276 
368307889 253 
369615561 128 
419174285 279 
426928811 129 
457493761 293 
459007468 235 
482998649 293 
511363609 292 
519287872 292 
524185298 32 
564131993 268 
626963004 197 
634092306 281 
637399181 296 
674589399 295 
679103296 -1 
700659883 285 
714926441 113 
720808260 104 
723587868 38 
765192535 101 
767049623 66 
784758488 265 
787785081 103 
817548429 70 
834619850 238 
884059251 226 
892173791 148 
908444078 285 
908892824 281 
909931456 204 
916569348 299 
933422787 167 
953026611 -1 
953898541 136 
984968631 155 
986419947 68 
994567119 298 
997253306 279 
997971786 34 
1001543910 296 
1012536191 183 
1015427019 47 
1055768727 114 
34993133 48 
65251531 263 
74123869 149 
120611245 291 
122204813 116 
128142342 31 
135873527 70 
153879253 72 
169175900 32 
177598271 278 
187915609 300 
193447237 233 
256829747 301 
269101370 160 
292775246 290 
319444603 297 
320637701 292 
326553051 137 
335392456 67 
428691001 135 
435750605 80 
490319113 74 
516498216 127 
536799713 208 
563321249 37 
578613601 287 
606794430 130 
618222761 304 
621233674 -1 
639644919 276 
664698050 212 
728380112 278 
731412992 299 
734083119 60 
740996149 309 
764344504 211 
777988280 -1 
781984619 275 
822694651 -1 
824314548 191 
861093583 86 
893612402 267 
899473931 288 
910736548 108 
911477856 150 
911883707 116 
918382660 278 
922790506 241 
953102717 161 
980850473 293 
985110941 82 
1005823652 167 
1020421104 49 
1021911483 293 
1024448793 298 
1034532716 87 
1068100358 42 
621260 186 
5072821 276 
11831039 282 
26614099 89 
28891156 297 
47515209 93 
50002068 178 
87951539 288 
88804266 279 
99708102 306 
108867442 70 
125621825 142 
142895873 166 
159416614 191 
186473444 40 
188608601 297 
192670806 142 
223085518 78 
225002803 104 
225910112 -1 
228444002 85 
263880566 187 
276316930 124 
296249117 295 
301031616 163 
357143478 176 
385944567 299 
422611691 70 
437821749 41 
451810370 69 
459223652 293 
480112910 310 
541541047 34 
552198111 284 
572332306 292 
575765989 239 
586593309 -1 
596580090 292 
612275591 291 
637134843 37 
640025349 45 
663477029 120 
715601629 281 
754863049 146 
783840621 195 
832043336 285 
884630622 307 
890220907 175 
896896593 55 
920595207 54 
950032717 275 
956148765 286 
956701690 149 
958940681 110 
964821582 296 
973202823 91 
992115561 101 
1002655232 289 
1022379066 305 
1051268868 73 
17000753 40 
21107685 168 
27846753 180 
49728448 173 
50598447 279 
57102992 293 
67940447 308 
86300227 307 
180413402 108 
190850930 151 
193505788 127 
201348078 43 
258203597 138 
265739466 317 
268594671 85 
287055487 188 
309161516 112 
312722041 262 
326116602 262 
331977002 169 
336593254 108 
373030591 148 
373904480 305 
376567069 298 
389782475 258 
416868611 263 
425120980 213 
433747846 89 
434623887 68 
507147451 159 
512865414 288 
532611175 54 
549090958 76 
553819705 76 
580481713 276 
593669337 43 
599094252 288 
601648547 275 
603489662 -1 
607117314 57 
616859734 285 
626019346 288 
655659345 254 
690011649 277 
696080872 189 
713151788 180 
735440256 109 
739913728 80 
761279850 218 
783098289 81 
802247442 309 
809313930 35 
849541720 124 
905362784 46 
923326631 168 
933906759 28 
936404230 186 
937513430 125 
981350465 40 
1028934081 166 
1072207137 189 
18023487 48 
20307937 154 
36645512 174 
38906285 175 
79726611 66 
98214701 288 
107816197 189 
116608595 168 
127485303 259 
136383754 280 
138567663 291 
142405765 299 
144045203 310 
173122177 296 
174786778 37 
176996725 107 
181765339 223 
182943345 173 
195942316 277 
237053788 80 
253428309 289 
257815180 121 
270841626 98 
276612080 158 
276706967 311 
284997631 279 
285225713 -1 
316112724 184 
357619174 321 
366184488 60 
369194450 112 
388686750 264 
395464228 306 
409054793 303 
411068592 264 
454075029 132 
462609577 114 
478071889 162 
489643392 305 
516807126 133 
520073371 80 
522502593 86 
537358327 278 
541581397 312 
546145907 57 
549012770 143 
552386885 80 
569504415 189 
572013991 62 
573463203 108 
587336108 288 
605045493 158 
629101020 292 
641136152 327 
656607488 287 
657826078 -1 
693432715 306 
694426199 184 
696365255 -1 
729768553 291 
730797835 298 
730834972 302 
733139833 48 
743458456 141 
744246317 224 
783794437 292 
793808217 124 
797275320 288 
811055131 292 
820852606 174 
856350426 247 
919736557 77 
931674925 287 
952741797 106 
952850049 289 
956143794 146 
966925499 302 
982645925 304 
1002105848 192 
1039555232 282 
1055878791 169 
1057468923 288 
1073656448 210 
13536702 124 
47460821 218 
53247681 236 
65322943 46 
71980938 127 
85126878 173 
96002215 248 
99767462 312 
110806727 286 
114942095 212 
115306109 212 
123793071 171 
167444182 221 
206737984 306 
221815368 111 
222793900 77 
228237264 309 
236924699 -1 
243880247 109 
289013689 185 
305498879 29 
309764454 111 
360722531 38 
384025566 83 
426830791 89 
433026126 115 
446207314 149 
450714504 49 
485686395 137 
488084244 212 
499793727 309 
502372703 218 
521991866 297 
536409554 130 
538068024 377 
541805471 246 
606924857 85 
616225433 170 
641918730 303 
664866037 288 
701080497 141 
705886475 26 
718128401 289 
724544527 287 
730343379 285 
772940847 92 
785620458 58 
811571316 189 
814542173 120 
824393520 144 
824519404 95 
836370538 300 
868522628 265 
948019730 181 
954536968 212 
960538225 242 
1001876632 214 
1034415772 264 
1037091775 113 
1047041718 318 
84213724 322 
89003596 31 
90903644 207 
92975794 85 
93886101 44 
109256680 43 
141253642 291 
142143685 186 
166950345 306 
166957980 8631 
186343089 86 
216441838 138 
236411270 56 
241743471 248 
247057149 92 
254705068 195 
266309142 131 
275792712 302 
305320846 88 
316265986 279 
334389862 312 
380509007 281 
383971903 278 
427829020 301 
430935678 -1 
443846730 244 
474238948 56 
481645264 81 
483881233 72 
486152359 301 
488000358 138 
499755888 137 
517832131 164 
518319915 297 
564403215 36 
567389786 98 
577798492 312 
613669171 67 
616003320 321 
652492566 190 
652692984 49 
654619912 293 
658990635 -1 
661398327 325 
686839575 74 
732958769 287 
745535677 86 
750757785 317 
764210289 302 
776551116 330 
799730444 265 
863410252 104 
868155747 312 
926023095 64 
943667366 194 
950176502 152 
977284020 317 
982930783 307 
985396507 298 
995895614 277 
997685311 162 
1050987753 54 
1055384514 114 
1059302376 304 
7444170 327 
15832775 300 
36725695 285 
54768892 312 
58116643 177 
76105480 318 
125129395 320 
184386297 298 
188358189 215 
205454510 98 
225871951 315 
263914952 144 
272181418 145 
303787559 84 
315928644 476 
318172060 219 
325529332 152 
332593223 315 
360898643 114 
366815183 171 
371992033 238 
377194300 154 
377922263 338 
384428995 128 
391958837 251 
396140393 297 
444004454 293 
469030580 165 
472630334 201 
494427744 182 
504249025 63 
522290924 62 
527608383 251 
536263135 89 
540153288 36 
545407587 100 
547149058 178 
557525253 246 
570378257 129 
573494230 307 
587401234 90 
592434801 103 
593283080 123 
596948772 198 
597084004 103 
598092061 315 
632950256 292 
649045597 164 
665288201 231 
713897239 144 
723205189 114 
754325511 69 
796599287 324 
812628788 299 
840926475 181 
849210662 58 
852882516 -1 
859713521 266 
936949493 286 
968272370 98 
968914738 286 
972373514 201 
984636778 72 
985108051 162 
986199456 170 
989278958 276 
998408847 293 
1008175994 48 
1033708815 300 
1036771308 118 
1041641668 140 
1042960880 287 
1048496069 175 
1067594521 34 
1073832168 102 
1098734350 298 
1174417466 231 
1185849807 151 
1187836357 76 
1192295055 315 
1215443924 173 
1218402219 89 
1260342269 295 
1265800680 300 
1269484455 105 
1274237690 280 
1287820674 280 
1299370883 303 
1306546890 148 
1311029265 47 
1321455468 232 
1331387334 305 
1332207938 110 
1340167725 293 
1345886876 57 
1345985097 70 
1371540124 286 
1386533404 292 
1439199093 202 
1443954466 171 
1444601588 305 
1445970203 282 
1463275762 114 
1483168066 247 
1488623180 219 
1488868541 131 
1499997123 287 
1517500613 105 
1526250305 51 
1548505025 132 
1554130700 280 
1557503521 311 
1566144662 265 
1580538279 29 
1584087123 83 
1593124199 124 
1619170394 291 
1628676758 -1 
1633099052 305 
1636291435 275 
1652093159 109 
1659042160 112 
1660607172 122 
1676363217 295 
1677049983 76 
1679535807 58 
1699788515 183 
1716924260 287 
1744716019 108 
1788265051 110 
1796156792 165 
1802327684 35 
1806470542 292 
1817545563 127 
1824836206 153 
1837896238 275 
1841936223 37 
1852612717 -1 
1863760491 109 
1869526134 49 
1889325210 250 
1894267407 286 
1896107344 121 
1918527741 300 
1957525514 157 
1972089363 264 
1990484396 -1 
2015799713 48 
2022163781 52 
2034172446 106 
2052820448 -1 
2078002374 119 
2110666682 172 
2122456102 138 
2122481304 172 
2129705096 281 
2143285892 310 
2144093724 118 
1084219662 185 
1114487219 100 
1135307801 105 
1135472395 273 
1144788899 60 
1149495287 290 
1192066182 239 
1195766787 307 
1222499760 269 
1254622703 128 
1256391856 145 
1277912461 169 
1296217914 137 
1339869723 302 
1369587781 -1 
1373295196 260 
1374775877 117 
1399041820 100 
1400570316 259 
1405725319 54 
1410248291 40 
1433215642 269 
1441740128 -1 
1452936511 291 
1469035837 280 
1473947550 194 
1477135543 145 
1477150208 149 
1486591883 170 
1514957542 47 
1515829278 268 
1530087295 149 
1532007089 180 
1536054454 106 
1558747718 142 
1561251499 92 
1570248494 80 
1574453015 113 
1603167608 296 
1607471623 315 
1614151676 307 
1630979142 191 
1640374558 -1 
1690530088 42 
1691846612 220 
1696589413 264 
1700515809 265 
1703530097 156 
1711905932 127 
1712745471 125 
1720924875 181 
1724599457 196 
1730640073 118 
1745207239 51 
1785808134 291 
1791399385 136 
1902580370 67 
1916762138 73 
1925575260 311 
1934408174 55 
1973979093 121 
1974240318 160 
2024495395 157 
2044136274 301 
2060814699 296 
2086583463 197 
2115896189 280 
2128447446 258 
2142261843 313 
1078140559 60 
1085492252 178 
1091722755 119 
1092320961 160 
1121186403 175 
1127103547 68 
1129755514 -1 
1132509775 121 
1134585848 74 
1163938085 185 
1170571706 304 
1178596479 38 
1207705727 65 
1211590346 202 
1215541098 312 
1219671851 171 
1241561856 87 
1246897509 134 
1257681187 191 
1311995744 197 
1328837630 144 
1362680193 159 
1398982249 219 
1436152625 303 
1443866055 140 
1446621074 -1 
1470299571 297 
1481627500 -1 
1510843414 306 
1510942165 210 
1527965417 166 
1537223653 -1 
1537669211 256 
1539451426 291 
1560675859 294 
1566853119 154 
1571457089 134 
1572375796 128 
1585142203 107 
1605421249 183 
1618501414 157 
1653048294 42 
1656533033 301 
1671249891 290 
1696529543 193 
1729059546 132 
1759931664 233 
1774325364 28 
1788111929 156 
1796388146 115 
1803965613 286 
1811280066 69 
1823159199 92 
1851376542 276 
1855901454 177 
1863675527 192 
1866311366 93 
1885346167 40 
1888491278 320 
1891996099 294 
1935042373 294 
1948805485 102 
1975777549 85 
1986024436 98 
1998866315 133 
2041312966 132 
2072190718 293 
2073841024 76 
2085154274 199 
2086313996 79 
2126343191 116 
2132245366 145 
2140647440 160 
1083596560 163 
1084792338 68 
1094182030 333 
1124866942 278 
1146501227 106 
1149931449 -1 
1154865511 268 
1176156463 199 
1199789142 49 
1200186775 307 
1204875142 -1 
1211576691 218 
1220116599 171 
1221393908 101 
1290618067 141 
1295268131 290 
1296151035 282 
1321807442 31 
1327744226 39 
1366139607 304 
1368612708 224 
1387401436 297 
1420613400 66 
1448450247 130 
1449784117 49 
1453368042 315 
1477909290 294 
1492541757 91 
1493423937 388 
1534402978 305 
1535468818 117 
1545489777 127 
1550869006 96 
1564803562 68 
1570796835 141 
1571363956 303 
1627493528 288 
1637405184 272 
1648095214 176 
1659061558 274 
1670059449 90 
1681193545 84 
1693259153 282 
1700175723 70 
1700519545 96 
1706543693 123 
1721400616 292 
1730090837 61 
1731684366 287 
1741122686 73 
1768494522 289 
1770937311 -1 
1772613338 90 
1792579259 295 
1853286070 233 
1928186069 149 
1935000100 135 
1942711832 95 
2082899197 305 
2112731144 73 
2120082470 95 
2124702344 -1 
1105480815 108 
1108946252 248 
1123194135 108 
1130703755 108 
1141384172 133 
1155216182 117 
1159882365 215 
1163647620 262 
1196485548 299 
1212533100 70 
1212836861 204 
1220063900 298 
1221343165 169 
1245853191 40 
1253328460 84 
1282042042 168 
1283028384 113 
1290471680 121 
1300061745 171 
1322229091 131 
1342812273 69 
1351030008 302 
1354127877 175 
1354718180 166 
1356473088 158 
1357317801 171 
1379939449 68 
1389721700 303 
1404637837 213 
1406187043 99 
1425300675 300 
1438262969 103 
1457993856 36 
1461373983 273 
1478575807 -1 
1493231111 110 
1495735261 123 
1526508182 274 
1528608880 94 
1540203690 257 
1545075545 99 
1561010941 245 
1574538429 161 
1576421747 157 
1598472794 286 
1602353732 92 
1613346632 316 
1632295231 267 
1636045195 185 
1639174861 212 
1642905250 130 
1643232882 100 
1651054877 172 
1651971083 231 
1693340136 76 
1720213665 290 
1724732317 -1 
1728796247 320 
1729686621 303 
1731501380 285 
1787946859 148 
1788978245 76 
1789870742 159 
1797527466 309 
1802094046 189 
1809628832 198 
1818376232 278 
1856983124 291 
1865516363 113 
1881849919 -1 
1882407161 65 
1918679468 120 
1965617143 158 
1996073768 138 
2013202912 82 
2044809524 68 
2063267066 122 
2110555660 303 
2125319609 122 
2131159768 91 
2132151804 -1 
2133107426 285 
1076888507 102 
1078149208 102 
1093948450 113 
1101563779 105 
1150522923 114 
1151283837 131 
1162286732 154 
1169559231 49 
1194105989 89 
1199762243 205 
1201114796 50 
1221330395 58 
1228947115 305 
1237574397 92 
1252525725 183 
1271934485 277 
1272302975 197 
1274943133 101 
1309882129 88 
1325558714 154 
1336404592 66 
1342456646 304 
1356272101 185 
1363613141 35 
1373073332 147 
1388846478 40 
1399239001 166 
1399914163 104 
1405959969 74 
1430671292 -1 
1435713596 63 
1464841265 35 
1470182040 295 
1490399579 285 
1495531972 140 
1538319498 144 
1541017729 278 
1550792826 41 
1565998694 285 
1638392104 66 
1658207481 251 
1662761305 53 
1666342578 263 
1681820921 102 
1693461612 42 
1697717087 314 
1737380405 286 
1738016883 279 
1747261933 35 
1762956792 163 
1777995024 66 
1806029899 296 
1816219234 299 
1823050238 244 
1835843949 88 
1837254440 181 
1843112104 283 
1871368437 -1 
1890719344 237 
1934402429 158 
1935115080 66 
1938704142 105 
1983592995 177 
1990963418 307 
2054303515 110 
2055319068 122 
2058435286 99 
2063314098 173 
2066443071 142 
2068727828 101 
2076038758 -1 
2079655722 292 
2085504259 78 
2094865408 93 
2126303169 141 
2131771125 293 
2141329694 62 
1112763527 172 
1119498056 150 
1131395213 299 
1151967996 63 
1170991236 289 
1193667302 296 
1210889252 300 
1213370714 44 
1218110768 294 
1248955141 98 
1249048177 38 
1264886883 -1 
1282085268 69 
1284293727 117 
1299725292 288 
1314193080 150 
1319284403 108 
1319816502 135 
1328558324 -1 
1380216152 288 
1398964732 290 
1413659468 274 
1429655641 84 
1459063414 256 
1462673126 113 
1492024690 113 
1496084390 206 
1531385819 207 
1537223789 304 
1570198674 132 
1606366327 70 
1608008906 291 
1617514131 56 
1660632524 162 
1664745680 196 
1733692579 121 
1734920014 92 
1762302110 223 
1765173882 50 
1771071736 146 
1773883596 300 
1795373416 78 
1797832492 -1 
1818739829 291 
1834803618 48 
1851869487 292 
1870916960 107 
1900741747 99 
1930234230 170 
1941169188 286 
1952331167 144 
1971196171 213 
1975055963 207 
1980560915 276 
1990012559 307 
2008197256 151 
2011508788 312 
2052470357 -1 
2081119021 87 
2096806021 33 
2098260251 263 
2101842089 306 
2134427290 162 
1081128663 165 
1081338528 284 
1094996057 123 
1114215130 227 
1121351646 254 
1135494381 187 
1139620104 85 
1161454172 -1 
1162165829 121 
1181556299 97 
1227720321 62 
1247470021 230 
1263120713 157 
1277403413 67 
1280692305 76 
1294364889 290 
1302108407 284 
1319914656 48 
1327023689 150 
1370678625 263 
1433489181 85 
1450028597 91 
1461995379 92 
1472505449 287 
1473180317 284 
1479756454 97 
1505170745 281 
1509675552 119 
1519671422 65 
1520104335 178 
1536632016 297 
1540057188 294 
1541225316 128 
1541240703 279 
1544388767 287 
1546672267 250 
1602021553 289 
1646348169 300 
1683188173 182 
1694367763 278 
1695985411 37 
1700314734 40 
1700890594 81 
1720744217 306 
1728473852 40 
1730945763 80 
1742445532 66 
1744297992 50 
1765547904 160 
1765881784 140 
1771486617 116 
1790771546 48 
1798392058 180 
1808375571 148 
1809271220 277 
1814124936 268 
1841318332 297 
1863915036 72 
1870510283 140 
1873452623 102 
1878255460 102 
1903559415 190 
1904187259 138 
1910062403 273 
1930928174 112 
1934519585 292 
1937539498 290 
1958546496 209 
1966761963 253 
1977601617 260 
1987806534 148 
1989060756 85 
1990111437 -1 
2019634761 306 
2021392344 172 
2065465259 109 
2099949266 130 
2111550291 168 
2137817494 -1 
2139232995 66 
1106729238 243 
1113726146 123 
1145552981 304 
1256960028 157 
1287019338 169 
1295504850 300 
1300954110 297 
1300963122 146 
1301635456 97 
1302362415 117 
1333263591 117 
1336045142 113 
1339395672 102 
1366640094 46 
1369642179 284 
1430267439 175 
1436601122 118 
1447514238 302 
1449974308 117 
1453192650 265 
1477387296 80 
1487071423 185 
1490366587 313 
1500696348 295 
1505898534 -1 
1514170195 170 
1531594896 251 
1548197430 302 
1573547747 166 
1599513977 119 
1619876872 296 
1626769565 282 
1632724800 98 
1638780750 111 
1648546967 202 
1695586694 302 
1710262941 288 
1736840534 -1 
1744764888 82 
1793749315 178 
1813427559 70 
1845920940 129 
1873131878 43 
1888080246 218 
1902510288 163 
1917907044 286 
1919151267 309 
1950926165 309 
1952741562 48 
2003345718 110 
2024990945 53 
2051185164 278 
2056340343 246 
2057991000 284 
2077967256 75 
2094236365 288 
2109818244 206 
2128180309 140 
2128921613 70 
2136004811 -1 
1083883793 181 
1112670976 104 
1114714889 273 
1123873717 173 
1128691522 75 
1152670260 101 
1177391914 38 
1181467950 122 
1197899393 175 
1198076326 51 
1212809328 122 
1260353267 106 
1290900609 296 
1314838257 -1 
1335396442 61 
1346830722 310 
1347801461 302 
1350239556 122 
1356675561 66 
1372326658 315 
1376955368 112 
1377523003 109 
1379623062 218 
1395745113 35 
1398019464 279 
1416798956 75 
1425442453 289 
1430519840 101 
1431518412 85 
1438704701 277 
1460225700 96 
1479654616 305 
1493294250 119 
1505431130 142 
1516011421 306 
1518568426 307 
1574006503 -1 
1585406998 50 
1587441206 93 
1594413671 297 
1597272738 46 
1599558367 126 
1634007743 278 
1663278902 132 
1681735529 59 
1705716119 282 
1710233430 284 
1754522371 149 
1756134145 104 
1806274413 195 
1807407700 112 
1808509974 299 
1813861536 -1 
1815667134 129 
1818806165 76 
1832913331 116 
1865390685 100 
1872921003 -1 
1898319438 166 
1941516514 146 
1943827084 69 
1946217923 143 
1981869540 123 
1995794583 73 
2029792466 136 
2047693485 31 
2089420576 98 
2092809534 187 
2099898043 320 
2102869151 72 
2114575888 287 
2142692499 302 
1084671727 -1 
1089913524 283 
1132342341 296 
1162597248 296 
1179621670 100 
1201726181 109 
1203438718 135 
1217927843 178 
1285510919 295 
1286860051 117 
1328595599 44 
1340424618 35 
1348448966 274 
1358543919 -1 
1365703264 274 
1379218102 277 
1386145691 95 
1411072948 255 
1428233590 36 
1454648784 305 
1456479361 89 
1474011179 108 
1489183040 269 
1516432994 260 
1523210257 252 
1531142144 247 
1534965977 286 
1540203471 101 
1546139336 300 
1549517961 127 
1614249251 82 
1624635061 45 
1634686099 73 
1640016041 184 
1663024702 168 
1678356932 81 
1702339102 137 
1705979480 314 
1716586454 289 
1716988947 300 
1725328475 35 
1737722079 61 
1739497354 166 
1757469126 71 
1776718267 127 
1778992247 319 
1849230247 271 
1873155998 88 
1889712312 311 
1894707692 286 
1907543220 151 
1908214167 215 
1909868921 113 
1922339119 164 
1936018213 174 
1989327542 113 
2000481974 67 
2016017842 90 
2020231137 65 
2024611308 207 
2033872347 306 
2046591830 286 
2047023323 159 
2057977741 141 
2077193462 197 
2094046127 89 
2111160064 86 
2113557668 138 
2119111059 161 
2130213187 228 
1076653894 288 
1091582807 104 
1133556440 293 
1134650185 -1 
1207087552 138 
1228527082 281 
1228676245 105 
1243473528 274 
1253379461 179 
1272155579 313 
1279599842 116 
1362127625 137 
1370909754 107 
1405807592 304 
1409244010 289 
1417249542 288 
1426192303 187 
1427211125 173 
1450061016 154 
1450628627 282 
1464652906 286 
1484657202 109 
1495473549 146 
1504096546 48 
1530617963 252 
1549674439 112 
1554749285 132 
1570004917 88 
1575908811 239 
1608548123 171 
1633150385 219 
1637064220 35 
1664590934 284 
1668785203 57 
1682460156 161 
1707383063 303 
1712552548 57 
1717007482 131 
1717192908 75 
1726273698 178 
1761101342 35 
1767252505 128 
1788673899 164 
1791587968 193 
1796053438 102 
1824577699 293 
1827748634 273 
1827773803 35 
1833460132 308 
1833623532 51 
1834027953 84 
1858331074 146 
1865447783 250 
1882279230 -1 
1898924329 53 
1924495711 84 
1928645428 131 
1930817539 152 
1936962870 72 
1944198994 288 
1977533614 162 
1992749526 45 
2023773769 83 
2038853717 274 
2041908263 282 
2047045508 190 
2091287215 146 
2092269939 146 
2095419641 139 
2110334041 144 
1080089655 47 
1098185101 38 
1099554779 59 
1099771649 89 
1108738896 72 
1138610822 178 
1150915526 -1 
1157669189 -1 
1165991153 35 
1180957521 134 
1185637567 147 
1189592278 192 
1201733461 174 
1208304635 130 
1217996566 171 
1247283354 -1 
1259552758 277 
1269991657 142 
1276353190 279 
1277144344 85 
1309093315 285 
1311698469 96 
1318070914 274 
1336782692 83 
1373093012 252 
1402578047 38 
1405070642 145 
1412739238 308 
1427328752 187 
1431627613 -1 
1444389853 163 
1452125585 214 
1463386860 53 
1464311961 149 
1514471302 141 
1515520845 97 
1531263976 75 
1610843593 107 
1611200406 111 
1640668545 54 
1657128893 282 
1665192729 203 
1678398815 299 
1692192321 68 
1698469484 64 
1708711879 190 
1739607116 290 
1765762755 59 
1770225499 84 
1832898018 36 
1835358227 107 
1837535779 176 
1842035251 48 
1861484385 292 
1891495599 65 
1894526300 110 
1920470070 285 
1921452452 51 
1928387721 101 
1980886269 38 
1984909354 -1 
1997968033 300 
2009257614 201 
2050876608 208 
2050969789 201 
2057065300 102 
2076836032 150 
2086948244 217 
2120176020 260 
2121115174 314 
2135743600 266 
2135763434 103 
1076716173 292 
1091874236 87 
1094376020 -1 
1095577909 318 
1100818146 295 
1131374723 298 
1133262620 80 
1134796769 180 
1173546836 42 
1180266915 275 
1200747113 111 
1206092645 94 
1209046859 260 
1214815276 198 
1215062759 52 
1231903476 69 
1236802195 137 
1259573022 234 
1289467456 153 
1290186988 -1 
1316669399 77 
1372708777 316 
1386582163 77 
1394176093 41 
1406476098 291 
1430031482 89 
1433928371 46 
1435614673 79 
1502618635 169 
1516586039 -1 
1524629904 154 
1533900951 291 
1541373474 123 
1546442369 63 
1588922107 169 
1601645154 92 
1612260117 286 
1612645390 124 
1612691067 285 
1639768763 36 
1662022757 253 
1662936885 307 
1670095948 118 
1677504422 268 
1715911212 304 
1754343003 292 
1782515181 276 
1797172821 30 
1799541899 99 
1814964873 126 
1819284522 -1 
1862367556 100 
1874563002 226 
1900741885 319 
1919963154 -1 
1932446247 80 
1932804412 113 
1941848344 183 
1949528224 218 
1951902510 44 
1960834740 308 
1960956986 37 
1990709803 197 
2015354709 104 
2023586896 121 
2026866782 88 
2032825988 171 
2033006082 154 
2035091841 43 
2043383999 121 
2053550857 68 
2073843362 181 
2076060076 124 
2076517184 159 
2081100313 117 
2110796711 286 
2113959167 293 
2146041013 115 
1088068765 182 
1089523899 58 
1103077773 91 
1108307148 166 
1109879760 153 
1135194907 45 
1139900464 130 
1145049670 298 
1228822632 126 
1267231119 40 
1275506770 48 
1281701681 165 
1309307264 150 
1310907801 104 
1312807851 301 
1339752413 111 
1362624142 264 
1474616830 66 
1497292950 168 
1508173542 199 
1514490742 155 
1515181525 118 
1532369030 32 
1552953251 68 
1559159642 95 
1591741937 296 
1606781560 142 
1610457306 75 
1612508516 314 
1661992832 277 
1691160486 45 
1712661866 208 
1718607883 106 
1720579563 -1 
1780337299 269 
1784452297 30 
1789605873 114 
1883618796 70 
1890811174 265 
1903702012 177 
1911889981 285 
1944168628 301 
1944445794 178 
1946177606 233 
1958888122 293 
1963670943 271 
1972403559 156 
1988503177 112 
1992094687 260 
2002322735 182 
2005848681 78 
2034677319 291 
2044847094 304 
2074183018 127 
2076547947 99 
2079607961 173 
2093018160 265 
2098502109 50 
2108170984 42 
2129550801 96 
2142060822 299 
1108075447 297 
1142240425 74 
1150143326 91 
1154998085 121 
1156645985 114 
1182712609 156 
1208688315 312 
1258171796 207 
1282593743 151 
1313549347 272 
1319996495 222 
1336860849 242 
1350159295 280 
1366023339 96 
1387115528 296 
1398183841 280 
1415615002 202 
1427975818 308 
1432330630 118 
1436793668 221 
1441592075 98 
1453097969 303 
1491821758 -1 
1492565228 298 
1501436677 -1 
1537714634 303 
1538356497 81 
1542027396 125 
1556442033 80 
1570108215 308 
1572315298 217 
1578251384 202 
1586287799 91 
1600628842 105 
1609402344 196 
1611235484 165 
1638840818 165 
1657322743 108 
1673762887 65 
1701982685 284 
1716844940 99 
1723160413 299 
1728382613 95 
1732401392 293 
1743001543 178 
1768297639 212 
1781121409 201 
1783511318 226 
1793643486 259 
1801573425 298 
1806092473 224 
1812403454 317 
1831376440 303 
1834653222 297 
1851716185 36 
1857868229 147 
1922457611 159 
1923928624 148 
1949986781 303 
1963957073 45 
1979662724 163 
1985719870 294 
1987110879 285 
1988515902 295 
1998246525 57 
1999194644 269 
2003068190 -1 
2018243409 270 
2030051395 115 
2030768344 289 
2041008657 257 
2041186238 303 
2078888386 115 
2107180870 41 
2137840439 200 
1177849838 104 
1224790462 67 
1231054215 78 
1255867118 112 
1304584437 279 
1324407457 178 
1407921162 165 
1451797758 41 
1471696743 286 
1504996297 87 
1528273985 65 
1556273492 148 
1563119828 277 
1568595323 -1 
1580738989 167 
1612099282 297 
1630125443 300 
1660131778 295 
1665322518 106 
1764196351 202 
1768741697 266 
1777911179 76 
1789536171 306 
1795833996 237 
1806492993 86 
1831312836 34 
1853699692 210 
1872638237 171 
1876631552 303 
1898065478 301 
1914273087 119 
1948249662 122 
1953212817 177 
1953507670 110 
1967279692 167 
1969314197 -1 
1981589172 86 
1987503187 274 
2006987303 93 
2018068196 288 
2030946642 120 
2035638280 135 
2063099885 105 
2065183018 249 
2107464499 207 
2110961343 103 
2117243390 293 
2118249285 83 
1076660059 61 
1086978091 296 
1126346578 208 
1140997285 76 
1191142155 302 
1221760321 80 
1241614217 28 
1250786305 50 
1264403156 171 
1295506958 123 
1310914776 41 
1361735718 180 
1364336517 283 
1379781723 -1 
1382003062 62 
1390589699 286 
1396369480 75 
1432252228 48 
1440518898 44 
1479768346 87 
1490657653 36 
1517122277 127 
1525905950 277 
1529376988 184 
1563723496 69 
1596090959 108 
1612691327 70 
1615013366 74 
1656319825 291 
1659850436 167 
1662555697 32 
1671856536 105 
1675138739 -1 
1685008648 299 
1715022095 172 
1749833005 86 
1758076322 110 
1800889284 299 
1811337416 190 
1820146726 92 
1838400830 202 
1846177068 291 
1850436318 210 
1852199086 -1 
1884139137 156 
1910921349 105 
1932674836 293 
1944173914 220 
1992398875 86 
1993193827 -1 
2005093023 112 
2019820874 110 
2033626975 113 
2046318780 272 
2056026399 152 
2065903491 82 
2079069235 113 
2083634454 302 
2110199621 227 
1081309836 61 
1087574622 55 
1090705037 290 
1095039530 65 
1102061620 138 
1121433153 194 
1125286578 224 
1127828087 83 
1153133476 198 
1161202230 300 
1168792983 65 
1193168424 45 
1203471319 94 
1204453121 275 
1205709209 151 
1228371090 136 
1234340856 260 
1251455858 56 
1253381982 151 
1264470035 75 
1270758532 276 
1282000059 278 
1283104565 133 
1285083311 160 
1289345848 63 
1298721658 153 
1307867806 286 
1316418778 -1 
1320784919 224 
1326953326 219 
1349316820 114 
1367299641 308 
1375184100 107 
1391665726 254 
1400131901 96 
1400246101 60 
1401725758 186 
1408103032 299 
1409286629 61 
1429392050 88 
1437110799 284 
1457660048 242 
1458060144 280 
1482874069 303 
1496927803 92 
1503670312 113 
1520807975 135 
1531164270 291 
1545024018 170 
1561922244 59 
1570885521 89 
1574561701 285 
1575276872 155 
1580097548 307 
1580346486 72 
1587678522 100 
1590336419 -1 
1627693446 169 
1656751519 121 
1663175643 227 
1690707985 101 
1698944399 163 
1708176076 195 
1720846238 133 
1742673664 302 
1753207388 129 
1759475248 87 
1770388776 281 
1776250741 142 
1776252715 279 
1783654570 140 
1803290681 147 
1836871778 67 
1843996513 223 
1844184018 98 
1845384472 93 
1867793560 -1 
1874793982 283 
1875932765 47 
1895582296 184 
1916701602 81 
1942187631 77 
1979651430 68 
1989975529 -1 
1997940252 40 
2057553684 279 
2068784498 56 
2071298437 64 
2078552856 303 
2091906699 78 
2096613539 87 
2113547449 277 
2126474853 308 
1088671353 128 
1091222879 78 
1096631638 74 
1100150615 301 
1117784557 -1 
1119840898 50 
1120910366 135 
1190701608 306 
1199193462 67 
1247444266 248 
1254485111 56 
1287785839 283 
1295277283 31 
1297343477 281 
1315743379 103 
1317693036 308 
1326142348 -1 
1342325092 145 
1360268659 34 
1360664127 155 
1399137853 46 
1405149825 281 
1406822733 30 
1428810507 116 
1430580679 334 
1452779604 272 
1465803602 273 
1470301389 121 
1474835230 352 
1475145423 302 
1476991861 36 
1547558758 226 
1574520648 129 
1584973659 52 
1592982727 291 
1613020350 311 
1621271782 72 
1625169581 110 
1654765558 84 
1675909479 115 
1689837157 83 
1698371301 -1 
1759169854 273 
1767999193 141 
1780736600 282 
1786085430 127 
1828127928 110 
1841836154 75 
1855481246 44 
1885375207 294 
1888503003 48 
1892044076 289 
1893260906 79 
1900129964 163 
1934337477 154 
1976015877 274 
1992440513 218 
1997575117 61 
2006004411 151 
2008305241 311 
2019437955 100 
2030840517 91 
2032317564 121 
2057288044 113 
2057769933 130 
2074465376 213 
2089661832 283 
2107464428 301 
2107753112 279 
2111443799 281 
2113746261 272 
2113863719 188 
2132198530 308 
1100437672 98 
1105889925 92 
1121124475 109 
1126680042 62 
1127573901 295 
1146789559 -1 
1157147879 144 
1160235024 119 
1199420233 43 
1234226099 293 
1235099238 43 
1242009212 185 
1242490008 105 
1247722919 116 
1279779643 66 
1286439977 118 
1305271816 110 
1306279755 133 
1339716834 222 
1349900450 151 
1358154393 222 
1367832607 81 
1373606719 293 
1375036347 306 
1380207486 67 
1396828026 153 
1407288349 137 
1407823950 173 
1411914926 80 
1494895642 78 
1497393650 108 
1508345427 78 
1535410127 218 
1543920334 220 
1561210281 273 
1572023707 133 
1579498721 148 
1583225284 177 
1584665710 314 
1588632762 307 
1625638703 128 
1633144804 156 
1640714355 155 
1657355740 211 
1700400389 62 
1700796112 77 
1725481058 136 
1783226190 184 
1787832510 289 
1839093431 209 
1855231150 206 
1882302627 33 
1882668314 113 
1890200787 84 
1897113779 140 
1926077474 314 
1928837980 259 
1941666970 129 
1951080878 282 
1958633684 46 
2067312367 210 
2071022342 283 
2092693046 276 
2104766613 290 
2106341895 154 
1086781279 53 
1100032979 286 
1100116569 181 
1101598645 160 
1114507267 181 
1129162196 56 
1148591190 288 
1162371380 171 
1168682516 176 
1222933481 282 
1253833418 240 
1270087676 290 
1272291001 235 
1279429986 186 
1295178231 88 
1297414514 111 
1310274988 59 
1316426263 274 
1342544702 30 
1357787620 139 
1366850075 289 
1372254322 39 
1373715113 312 
1413733388 273 
1437091232 94 
1450583827 305 
1455379291 260 
1461023476 284 
1474257315 73 
1479938677 67 
1494097171 117 
1513258815 304 
1526832004 268 
1532632686 268 
1533211189 278 
1578827724 101 
1604868373 150 
1611392926 115 
1628935811 142 
1629615805 288 
1646337809 102 
1667889470 298 
1681757351 297 
1713548103 311 
1720902837 236 
1730988264 289 
1753727374 308 
1762439095 244 
1774009783 142 
1781420178 65 
1790780834 183 
1795635426 80 
1804163990 88 
1811187093 152 
1811756118 73 
1824330727 75 
1827139172 119 
1849553261 273 
1886475774 304 
1891867296 296 
1907453475 129 
1917930426 -1 
1919968893 54 
1927149216 45 
1929296330 301 
1931301419 91 
1957033706 156 
2007537625 162 
2017802806 82 
2019919964 94 
2041560923 114 
2060967142 90 
2062130383 299 
2084278262 297 
2088371987 265 
2109830574 95 
2114640688 257 
2141841520 140 
2143638279 88 
2145616847 51 
2147483648 0 
2169276717 160 
2177224339 154 
2191025439 96 
2196358895 189 
2202622227 115 
2217717679 196 
2219996010 297 
2225615624 86 
2250591768 223 
2257718431 95 
2274338676 247 
2281866775 271 
2306308842 303 
2316830847 289 
2329593413 126 
2348555995 299 
2355639740 179 
2371998896 89 
2402750990 -1 
2405314459 290 
2432771226 189 
2439530817 293 
2440043333 283 
2445904353 197 
2489242562 84 
2493148124 -1 
2542248015 179 
2554391613 278 
2570205009 42 
2572941789 176 
2608171078 96 
2610659795 96 
2620421568 307 
2629654606 154 
2635095624 82 
2656056565 290 
2674042534 96 
2732107490 297 
2737428624 123 
2742414116 43 
2745771004 110 
2784265017 90 
2786990472 197 
2791383201 71 
2792515618 55 
2816972003 97 
2868358321 215 
2869816530 190 
2877213007 284 
2911295145 141 
2928569167 98 
2940501849 46 
2943024544 289 
2947062138 59 
2948656379 61 
2952453019 180 
2954871580 82 
2967323228 85 
2976253516 52 
2978605084 240 
2987991867 103 
3002983868 63 
3013117314 114 
3024348126 106 
3028449239 161 
3030626005 294 
3042187020 310 
3062905478 288 
3065702291 294 
3075863603 113 
3090032512 -1 
3090451281 196 
3115158447 270 
3128652793 173 
3168817718 52 
2153914315 308 
2162628293 58 
2182224265 87 
2197480983 59 
2202515412 117 
2206790846 109 
2209645226 122 
2218358684 45 
2227943766 159 
2231380232 266 
2241092152 170 
2241967398 226 
2258802452 79 
2266631532 111 
2266917746 226 
2281038339 281 
2309490570 71 
2311037023 56 
2316447256 169 
2316939291 -1 
2357307936 128 
2371968230 287 
2379414856 59 
2380621081 273 
2406924580 285 
2443055984 97 
2446533873 293 
2456622056 178 
2477588454 131 
2509600116 -1 
2511122181 169 
2517012165 59 
2517626934 116 
2544525600 172 
2547939982 104 
2553342788 292 
2581570756 287 
2583651995 121 
2586938479 313 
2592174952 68 
2600438527 159 
2601311320 141 
2617071392 153 
2621796331 169 
2635708536 290 
2642641036 110 
2643224292 313 
2645349658 70 
2651511264 57 
2651841284 98 
2652205054 293 
2713506004 276 
2719119841 293 
2740735360 85 
2749210934 211 
2761455567 306 
2762352395 170 
2822722796 114 
2882944321 165 
2883953158 83 
2901224826 162 
2923187820 299 
2926656963 97 
2965611403 147 
2978942250 76 
2993372116 278 
3024252306 76 
3047504344 270 
3062793795 82 
3084130463 226 
3087918678 116 
3097603057 178 
3105052901 306 
3109693299 82 
3120148989 92 
3131307163 32 
3148557340 127 
3167009441 302 
3177852584 43 
3209237122 293 
2156129386 64 
2201860198 65 
2209854181 147 
2210541217 118 
2228053413 134 
2236229834 128 
2255530271 83 
2270897806 271 
2282573698 189 
2322483900 170 
2344238157 291 
2367116184 138 
2381245705 139 
2381366580 109 
2411583529 34 
2412815211 124 
2421027870 109 
2448073040 -1 
2465242739 80 
2472261251 86 
2487774919 111 
2494189090 80 
2505549820 303 
2516256011 96 
2553990607 67 
2561230241 264 
2565168348 153 
2578272398 294 
2587996973 -1 
2603342221 298 
2613081200 107 
2637860954 149 
2639260567 187 
2676093349 260 
2676898297 88 
2716299218 327 
2722538679 -1 
2723862318 309 
2791830357 -1 
2819142850 161 
2824289094 162 
2826357436 40 
2845213266 62 
2853951428 157 
2880892866 235 
2898279345 41 
2954038292 31 
2992864062 287 
2993182677 70 
3021136991 82 
3045174297 124 
3065269897 80 
3066763413 138 
3068726525 65 
3077607974 65 
3083746853 288 
3145773646 52 
3176623302 107 
3185745741 58 
3189612610 285 
3221148884 41 
2154181311 238 
2233384456 79 
2245442452 291 
2248669607 42 
2265328688 115 
2271996466 268 
2289817104 268 
2290413294 286 
2291482825 89 
2303033710 293 
2309699666 82 
2338752335 89 
2355319105 293 
2356251566 298 
2361381462 65 
2363393157 152 
2393565347 103 
2403378395 212 
2405710362 309 
2442032587 72 
2446123386 134 
2458325332 130 
2483050660 89 
2501151673 150 
2509675852 169 
2530597853 171 
2535902427 -1 
2541760065 -1 
2546217250 304 
2547502548 284 
2577927110 43 
2611570370 303 
2644967323 302 
2702650527 170 
2715962263 72 
2718352735 168 
2720668617 100 
2726244687 140 
2759936903 307 
2762784241 43 
2784201368 137 
2786120685 89 
2818076087 226 
2830335609 63 
2831144157 199 
2856071216 293 
2872966930 222 
2889766818 281 
2915962333 123 
2921022448 99 
2956727185 33 
2981090413 309 
3028740466 115 
3058469669 88 
3061529611 102 
3068676716 73 
3072248665 76 
3074257089 86 
3092987852 205 
3108537375 279 
3111014262 246 
3114534800 75 
3142020252 137 
3147999623 214 
3149530930 76 
3156979585 91 
3171257937 71 
3174006631 95 
3186133829 131 
3190570897 93 
3191217226 195 
3213623179 59 
3214137622 149 
3219370692 296 
2161446195 106 
2174418717 284 
2180531090 57 
2180736192 45 
2246081151 135 
2246193960 -1 
2248683407 -1 
2250418394 148 
2251763845 135 
2254111700 139 
2261842696 131 
2302470891 296 
2314591025 296 
2325110547 217 
2335731329 299 
2368489107 65 
2382298810 299 
2393575414 112 
2424708759 112 
2429427162 288 
2446896156 266 
2557937938 306 
2558349706 297 
2561942678 244 
2564260503 54 
2577378361 276 
2583806526 262 
2629695412 42 
2651330722 134 
2652502268 97 
2674574417 66 
2691291727 300 
2692869224 187 
2725667180 92 
2738816483 132 
2741300124 298 
2742510521 273 
2765560907 40 
2776267483 303 
2781516372 163 
2782482604 90 
2796646247 98 
2807607368 96 
2812604929 273 
2833423108 312 
2835168941 57 
2858025077 206 
2861222216 289 
2875160754 283 
2900431582 299 
2918383537 185 
2919551822 163 
2922139846 85 
2925249546 289 
2950694856 255 
2988628397 110 
3053688958 75 
3054655405 92 
3058363881 75 
3070592423 52 
3073150605 -1 
3073231121 294 
3108230163 48 
3117946680 282 
3123504231 302 
3188495758 100 
3197019387 294 
3197687444 308 
2162282207 295 
2166918123 131 
2169627532 268 
2181515586 42 
2184440716 295 
2242807386 279 
2259351207 306 
2262333932 89 
2264082192 66 
2265001490 65 
2274573782 289 
2274629838 172 
2275150413 296 
2285465670 152 
2296490175 50 
2299386575 176 
2302050945 285 
2310563895 144 
2328434848 80 
2345409935 293 
2358917022 186 
2362814253 73 
2367957217 157 
2377776388 57 
2381576436 292 
2395256312 94 
2396780101 201 
2431150469 277 
2450183164 213 
2489485124 44 
2530414884 117 
2534731958 290 
2553509656 35 
2558028481 279 
2559140756 97 
2615677331 290 
2623973178 294 
2634244358 279 
2664649156 276 
2676469831 158 
2677494989 -1 
2688296984 312 
2720734972 -1 
2789555330 280 
2792345600 30 
2804174046 172 
2812857556 86 
2825402987 228 
2839828687 295 
2841728843 296 
2863285011 284 
2865132083 99 
2875618386 37 
2880171204 300 
2880515264 297 
2905995342 141 
2908177636 106 
2908688807 94 
2927838768 276 
2945579082 203 
2949284173 85 
2976213565 133 
3009437854 69 
3013040965 104 
3013106934 105 
3022074121 135 
3024143350 109 
3024407026 282 
3046540004 136 
3049622173 141 
3096917539 161 
3099001664 78 
3137375165 180 
3174040432 122 
3217352130 175 
2148511988 99 
2182991156 279 
2201387350 267 
2209236239 136 
2216121670 153 
2240961076 230 
2268302931 315 
2271045619 86 
2276045394 179 
2321806908 291 
2328203085 -1 
2346076961 127 
2350956060 265 
2351148724 112 
2361766874 109 
2377878752 279 
2382807559 206 
2390611959 139 
2394136541 56 
2399104811 54 
2419465536 122 
2423113243 -1 
2424196622 105 
2430923226 163 
2467916316 238 
2469588788 125 
2476120861 80 
2480185448 268 
2494195518 150 
2502050521 -1 
2525836793 281 
2532264217 293 
2573836150 294 
2574472840 121 
2578963339 98 
2593690791 57 
2619329391 50 
2620142006 298 
2623088599 265 
2665013698 133 
2676558245 45 
2699157303 291 
2711294570 180 
2715793313 50 
2716648797 69 
2768312255 88 
2769275622 132 
2774783163 39 
2811692519 158 
2814932229 276 
2822967059 176 
2825151252 142 
2856034100 222 
2857950330 84 
2865570450 254 
2878129557 127 
2885064602 39 
2894634301 193 
2930225043 49 
2936263149 226 
2951231574 115 
2979874706 294 
3006855430 37 
3009906473 222 
3025099259 315 
3037963476 296 
3074545548 302 
3075092135 82 
3082418647 98 
3093478592 279 
3102735044 285 
3109794898 155 
3110699709 125 
3185354556 152 
3195181441 52 
3196536421 99 
3216101319 70 
3218141978 267 
2181713040 301 
2186188566 96 
2192882323 37 
2201936301 278 
2211979159 110 
2219791920 276 
2241320047 282 
2266593558 202 
2286998590 164 
2305254553 199 
2307851759 92 
2309026937 54 
2316581816 292 
2327331980 39 
2331755174 22 
2407579729 288 
2419957106 46 
2421564153 284 
2453861925 145 
2459251646 295 
2475450416 157 
2490927639 52 
2496846880 -1 
2513347684 96 
2516067105 -1 
2523513726 103 
2528225852 88 
2575635944 134 
2583066108 258 
2598012016 285 
2601296228 39 
2644439614 95 
2670087750 153 
2690728682 83 
2708015216 136 
2715895279 68 
2745818223 194 
2750610861 243 
2754919886 47 
2783717941 265 
2786697375 310 
2793622252 79 
2797130307 313 
2820212430 214 
2832839899 161 
2837420920 314 
2868798095 183 
2899332757 119 
2910947346 -1 
2912353577 301 
2916440299 57 
2925925282 115 
2927907642 88 
2932619161 162 
2945185056 144 
2946325972 49 
2968125559 251 
2977101748 105 
2999930329 103 
3015171870 75 
3019449907 273 
3024232485 269 
3045415687 206 
3054280113 155 
3055855424 117 
3067796091 -1 
3069229136 65 
3077163004 290 
3084531842 142 
3107906435 104 
3152228067 289 
3160753695 47 
3169360190 222 
3193718717 108 
3214121808 38 
2169425723 152 
2177559545 310 
2206535899 294 
2225829410 97 
2231446403 116 
2238605498 55 
2314485385 171 
2318994001 278 
2326207159 230 
2338916866 52 
2351794277 44 
2355519790 123 
2374923418 212 
2394580602 89 
2409505829 290 
2415480124 300 
2422155559 297 
2449592661 180 
2489634274 45 
2491421028 275 
2499572357 194 
2504458129 289 
2505490601 252 
2506085636 132 
2516728704 86 
2524019403 117 
2557232847 107 
2558854015 91 
2562387065 311 
2564899894 116 
2568071883 238 
2572773107 244 
2639887181 295 
2661663484 130 
2673551621 156 
2677819055 135 
2730126487 62 
2741273852 171 
2756236815 45 
2760206084 303 
2777404931 83 
2796895670 123 
2800519131 242 
2815867064 58 
2860999421 37 
2907939050 148 
2928291151 165 
2970009255 116 
2985551346 254 
2997111082 185 
3039845261 275 
3071313032 88 
3098192675 218 
3119659430 280 
3201888094 280 
2157484697 104 
2182706285 123 
2183226701 -1 
2209234162 68 
2241729505 307 
2243357023 115 
2252796060 104 
2285580989 106 
2291129852 158 
2296387631 171 
2322936115 126 
2346068910 296 
2367758526 122 
2379289397 147 
2432913130 266 
2451397003 169 
2456111591 312 
2496359748 307 
2531816742 70 
2544385824 302 
2544932654 284 
2547774321 54 
2557924090 286 
2563140562 290 
2582649189 154 
2584642135 282 
2585888854 88 
2616314623 117 
2624801831 180 
2632813137 277 
2633162899 292 
2636361892 206 
2653426412 99 
2653706567 152 
2657036224 282 
2658982717 46 
2671897938 92 
2672109970 149 
2673809049 310 
2685156329 283 
2697000627 33 
2704510810 165 
2719146436 143 
2722337698 280 
2732884420 114 
2742029869 42 
2749441779 293 
2750064395 297 
2788047487 82 
2806789820 260 
2810538577 295 
2826168418 309 
2829007440 250 
2875295216 34 
2882864933 200 
2884712264 91 
2894926443 208 
2948770491 45 
2971280756 308 
2984793580 36 
3064344473 304 
3094271493 93 
3094920306 171 
3105150482 123 
3164399748 146 
3179900700 282 
3207591256 129 
3210902552 289 
3216870124 202 
2167243087 185 
2168588577 301 
2171792210 307 
2254293216 290 
2254411802 228 
2257853334 145 
2258813957 265 
2266935596 157 
2268330659 -1 
2278061544 66 
2306994796 77 
2378207281 305 
2385665290 326 
2393648850 110 
2425456988 107 
2449925406 66 
2461063506 163 
2468126249 311 
2492250444 303 
2513970381 66 
2514510840 121 
2517324188 95 
2546235378 165 
2558043696 213 
2570748619 142 
2595566038 336 
2600035266 301 
2610569295 135 
2616071062 140 
2616205089 339 
2617467207 281 
2632465452 331 
2638724359 307 
2647167299 146 
2654386818 56 
2659064368 126 
2667061517 193 
2669885070 26 
2698041051 240 
2700263240 174 
2724770595 196 
2759030889 229 
2775697403 120 
2817605265 52 
2837961742 304 
2838859610 106 
2842732557 322 
2851362871 149 
2857826879 94 
2861698030 64 
2872943986 196 
2876434917 -1 
2886602383 294 
2949995958 -1 
2959971558 288 
2963352986 296 
2974680411 199 
2987581544 107 
2999950850 243 
3005023458 78 
3009470426 135 
3016545016 78 
3038079295 180 
3061948891 109 
3099259722 174 
3103494923 296 
3114463605 206 
3135794336 260 
3137557251 113 
3162938669 76 
3178479770 224 
3183805121 126 
3191020295 131 
3206076415 66 
3220599527 304 
2149735576 190 
2151289226 131 
2166623785 45 
2197750898 104 
2198406738 -1 
2208804340 302 
2216230866 33 
2224061044 112 
2234752930 35 
2239706920 126 
2245995042 91 
2246130116 290 
2249846904 87 
2254622036 267 
2257997155 270 
2275388379 200 
2277545397 141 
2281504954 134 
2310361918 309 
2336208065 187 
2342843602 66 
2351131506 234 
2351502806 303 
2362941882 289 
2389535439 100 
2391784526 76 
2418749772 49 
2430793669 177 
2450783803 117 
2452432118 85 
2459592390 181 
2469838542 109 
2471042452 179 
2502033178 75 
2514727649 289 
2536739899 86 
2538018579 119 
2540892032 128 
2549561583 43 
2551853697 92 
2552794400 297 
2560793699 30 
2564052176 71 
2566852604 68 
2585779840 287 
2592681755 101 
2592880428 73 
2595218044 37 
2596971248 137 
2600390956 97 
2605639776 107 
2613774334 304 
2614196749 84 
2620057879 63 
2621013481 -1 
2637497057 120 
2639120078 34 
2660585806 274 
2689381288 310 
2710874868 203 
2732639937 -1 
2745044761 128 
2760131761 107 
2771211902 101 
2772863953 291 
2780558629 72 
2802006232 176 
2804895678 306 
2814775905 300 
2853386777 175 
2860757924 224 
2861266346 117 
2872524409 288 
2886583866 289 
2904868395 158 
2907220780 285 
2929362727 287 
2966927591 257 
2967234894 124 
2975162946 293 
2979986813 294 
2993317052 94 
2999926823 189 
3004875437 91 
3035973650 193 
3036168970 165 
3063714579 293 
3065726056 40 
3070716698 310 
3078102114 296 
3083766677 157 
3084096168 155 
3097421504 285 
3121504900 99 
3131464179 194 
3135841153 138 
3213083238 92 
3213363768 68 
3215795596 210 
2169121860 213 
2172800178 96 
2173280147 318 
2174344961 290 
2176542531 95 
2179148638 229 
2193105188 85 
2196589682 104 
2201714634 299 
2213903119 88 
2221279020 111 
2238092132 302 
2249268237 285 
2264129887 59 
2266299862 276 
2295836786 59 
2310440698 307 
2324012938 61 
2364466548 294 
2369593545 305 
2391252555 94 
2396790552 114 
2408007164 42 
2464395488 239 
2545828904 144 
2561363017 65 
2566261547 276 
2580235118 137 
2580747808 324 
2586198720 259 
2593535871 130 
2611773028 166 
2613507135 116 
2630566132 157 
2634623585 81 
2648556699 38 
2668465304 230 
2690681991 296 
2702909529 226 
2708374333 83 
2744845419 283 
2761089596 91 
2785104857 82 
2798433543 107 
2807181330 50 
2807524808 190 
2809066474 191 
2838935559 294 
2841630244 197 
2871574122 -1 
2880081988 144 
2882348312 94 
2890685548 280 
2893331400 138 
2894154041 276 
2904121443 315 
2910455836 266 
2916527239 296 
2925557565 313 
2943085216 127 
2944774617 159 
2963936867 170 
2969379488 295 
3004644175 288 
3005601884 222 
3010771196 133 
3024571135 102 
3028306559 173 
3033392285 67 
3053690577 277 
3061682544 125 
3067368443 108 
3067863284 370 
3104930970 183 
3115889226 290 
3120297506 107 
3149653813 147 
3170467213 67 
3178166883 159 
3181605921 166 
3183177440 109 
3185944415 143 
3192052965 79 
3199540861 304 
2161777293 213 
2197170589 175 
2226939180 56 
2239915037 140 
2276148702 92 
2293874630 300 
2309317126 106 
2325156959 48 
2335715450 300 
2349959604 48 
2360814159 212 
2378985270 290 
2390082769 252 
2390334410 304 
2393981760 268 
2404558600 133 
2408548175 267 
2427437007 145 
2455099962 163 
2489343240 302 
2490599591 117 
2491491899 98 
2495270714 79 
2510066763 181 
2514685881 72 
2517741958 294 
2526476707 108 
2558099108 299 
2570428951 312 
2577390942 72 
2579204089 54 
2581333334 56 
2585194064 234 
2608406388 294 
2628968021 50 
2710237405 305 
2725316385 305 
2734158114 139 
2739764215 185 
2754030909 300 
2760939508 -1 
2780024801 123 
2786344719 300 
2789396656 291 
2806764007 83 
2811593973 300 
2811871389 283 
2829764753 189 
2844770341 285 
2867909451 182 
2875569417 306 
2954175705 106 
2962239783 59 
2978213941 248 
2989964191 161 
3006271633 123 
3033439616 85 
3039582737 300 
3042261874 76 
3074491684 104 
3089506810 49 
3111130969 65 
3114528767 76 
3119256996 138 
3121264956 78 
3182658319 68 
3199714485 -1 
3216878277 160 
2150234341 75 
2156021884 100 
2171966824 76 
2178208235 130 
2218746672 297 
2220462012 208 
2222448456 290 
2222484052 53 
2222503968 -1 
2231365925 284 
2235426091 152 
2272654809 63 
2358817534 74 
2360112274 121 
2390750853 214 
2400398412 97 
2413202701 108 
2414731888 186 
2415889400 93 
2416844299 135 
2437293230 281 
2456455746 311 
2475764650 75 
2481128697 84 
2481991825 125 
2482939276 167 
2505217059 73 
2511441757 307 
2516890622 39 
2538938364 160 
2541120592 140 
2551708182 282 
2559645135 160 
2563995315 156 
2591140768 64 
2602239716 298 
2604253016 -1 
2622726620 297 
2655224499 284 
2657744557 106 
2664568301 66 
2686435790 50 
2690358390 89 
2699719799 86 
2706700457 143 
2708262184 103 
2730000027 270 
2739393900 296 
2760536315 87 
2761508922 167 
2781251098 121 
2807043956 190 
2808095222 109 
2815593712 202 
2816494521 183 
2818632608 143 
2850625312 150 
2872408580 191 
2877324542 162 
2879132599 191 
2889299392 310 
2890918989 303 
2915874370 111 
2936716125 271 
2951272650 311 
2956166659 256 
2961490958 162 
3002190958 232 
3013714093 34 
3013854463 91 
3015049989 317 
3018027160 85 
3019857649 94 
3028725289 93 
3038204844 110 
3040658947 102 
3050834657 127 
3096185167 37 
3097792044 310 
3098914449 294 
3102327516 127 
3107821521 106 
3116314309 47 
3118968988 122 
3139805608 227 
3147808426 36 
3156442515 308 
3166718649 116 
3175697652 306 
3184999988 98 
3186318250 106 
3189967203 197 
3191250540 110 
3210108896 152 
2153240267 58 
2159445837 36 
2181691468 186 
2186425945 300 
2208859786 177 
2216490900 183 
2221490465 278 
2236527806 242 
2238298868 175 
2238976188 285 
2239997963 164 
2247709978 288 
2252056415 179 
2253088005 130 
2258030119 121 
2320001812 179 
2321363871 34 
2347632489 138 
2380292552 161 
2380527172 110 
2405689791 302 
2422757621 79 
2428138395 73 
2443974709 82 
2444924636 195 
2451094179 272 
2456063978 142 
2461794211 297 
2491293624 -1 
2503124627 103 
2524969253 281 
2526489864 282 
2532746480 79 
2550717909 227 
2562777576 278 
2570910396 134 
2588529066 259 
2596571339 285 
2625802459 302 
2628809426 297 
2642852937 73 
2696375598 291 
2713360853 134 
2737970985 87 
2756212306 258 
2767908477 77 
2781762395 182 
2785268108 130 
2856033492 286 
2874749335 109 
2902168241 283 
2902600865 305 
2951123106 76 
2976028087 125 
2993134931 298 
2999651335 105 
3007409649 52 
3010797756 282 
3020984317 129 
3052942759 -1 
3064080053 284 
3095347090 271 
3132572773 297 
3141919246 243 
3156119552 306 
3156294530 274 
3160144601 117 
3169729734 289 
3179130949 145 
3199574672 312 
3204316003 296 
3219996712 261 
2149519250 308 
2172586402 296 
2188623925 272 
2247488109 129 
2257537992 57 
2263355681 271 
2288953017 81 
2295888926 222 
2298981585 200 
2302875714 116 
2325944235 98 
2353138593 318 
2358755023 207 
2366863802 228 
2440698078 211 
2450258326 275 
2451195777 287 
2465598557 90 
2472063697 33 
2481147131 121 
2501100700 128 
2502994354 86 
2503001166 46 
2512538162 77 
2526188270 292 
2550381106 220 
2558665206 63 
2589883013 105 
2668880257 293 
2699672420 98 
2710485277 191 
2730330987 76 
2745445112 40 
2758974832 33 
2773478804 98 
2775701792 92 
2778217527 65 
2780750321 100 
2788806251 257 
2808204062 89 
2844433458 106 
2892381994 247 
2898068314 295 
2916411169 306 
2932679424 94 
2940169707 88 
2960569019 274 
2979110000 289 
2979389400 98 
3002705150 97 
3015205063 290 
3035660677 274 
3053016384 120 
3080995214 294 
3088008200 147 
3106908510 175 
3115556987 179 
3117388632 74 
3118451900 78 
3168581835 147 
3189694911 106 
3195109125 64 
3195715269 90 
3215994044 29 
3220423149 309 
2170380407 301 
2175099571 145 
2195411375 83 
2209560167 82 
2212643614 47 
2215819485 129 
2247585373 48 
2264286898 51 
2278263953 -1 
2291871142 74 
2307292327 177 
2308605278 82 
2339836179 165 
2376478205 119 
2414267735 65 
2420943926 -1 
2425858334 -1 
2445527362 -1 
2446819190 32 
2447139383 172 
2473649698 -1 
2503451108 214 
2521379539 88 
2523488097 162 
2546028926 306 
2551139372 292 
2559343670 86 
2572202549 84 
2633940814 42 
2635970902 -1 
2643253851 293 
2645160872 259 
2668606722 278 
2672854986 293 
2700001713 295 
2708319946 132 
2709836114 297 
2816915057 47 
2820236184 212 
2874835184 107 
2879288982 103 
2887131281 241 
2894340245 49 
2926736641 126 
2935791455 88 
2942635706 165 
2945972560 51 
2966989340 82 
2974568769 215 
2978562683 -1 
2988568482 140 
3000349707 230 
3001989975 139 
3005188439 137 
3014654688 208 
3019909816 -1 
3033496683 119 
3086411855 98 
3087849425 307 
3091316603 95 
3124835749 301 
3125578542 318 
3153573346 100 
3155826440 283 
3162369564 -1 
3173301654 292 
3180535574 309 
3181551064 112 
3182823152 289 
3185553281 287 
3191784286 281 
2188170358 152 
2202434610 87 
2220216742 125 
2223003626 99 
2229511251 179 
2235016879 145 
2239779318 104 
2246552225 280 
2253424574 92 
2272342265 71 
2275298572 120 
2281361882 299 
2298847056 189 
2303593251 143 
2333478701 279 
2349197263 72 
2354205670 105 
2373525992 63 
2379506652 36 
2426427316 -1 
2461396081 91 
2470008477 218 
2492965279 214 
2505481984 165 
2517865141 293 
2521515993 195 
2543485397 228 
2570565235 91 
2594672880 111 
2596216010 62 
2626071497 292 
2631585394 313 
2634549885 215 
2640954691 129 
2654399019 -1 
2655835503 54 
2681935718 285 
2704304353 312 
2705029918 286 
2769246102 254 
2780290279 54 
2783689395 115 
2789238219 93 
2790335671 82 
2807503042 200 
2816610701 135 
2831040194 241 
2832134223 89 
2837612061 240 
2886441640 -1 
2900119423 102 
2905023463 290 
2908894216 114 
2932985764 268 
2938506745 108 
2969344556 267 
2981206542 182 
2993202733 87 
2996260739 77 
3000983059 -1 
3006884504 106 
3014427153 289 
3020375603 150 
3066608316 273 
3072754482 277 
3077730798 209 
3085587232 112 
3097364171 -1 
3120034018 203 
3120506338 196 
3122142467 94 
3135637489 293 
3142328512 305 
3151286761 306 
3151887096 63 
3160258867 70 
3183204100 -1 
3215019064 281 
2194812271 126 
2196610204 -1 
2203045157 75 
2210188772 304 
2218866558 -1 
2221650405 310 
2236792983 215 
2246282953 78 
2311939677 305 
2334252468 170 
2335385894 -1 
2352386248 53 
2371932001 25 
2377094809 151 
2398136251 282 
2401234990 297 
2401368324 112 
2446901427 72 
2469619962 757 
2508434490 270 
2509672851 294 
2517726029 90 
2521310504 168 
2573628548 85 
2580800053 93 
2584590939 281 
2585848636 100 
2595997512 91 
2623373381 295 
2647746774 73 
2648263538 141 
2663236544 204 
2665115726 229 
2685144419 257 
2697764501 208 
2699226910 85 
2772360806 44 
2788041817 45 
2820104584 247 
2844081327 279 
2866842281 277 
2872603067 66 
2884481805 309 
2897632479 46 
2909015896 84 
2910168126 303 
2923438717 295 
2938726832 298 
2949769454 286 
2949801810 106 
2953025556 66 
2966574964 282 
2969324800 90 
2992532353 48 
3011951338 187 
3014612094 -1 
3022176023 49 
3027407790 110 
3028860271 195 
3039895474 114 
3047301208 290 
3058630206 297 
3066951813 168 
3072493516 117 
3086069394 288 
3098078808 79 
3106209546 101 
3113503779 130 
3117684745 79 
3120057402 139 
3142116066 184 
3200697409 215 
2174821229 187 
2191500989 116 
2205086142 198 
2206412175 116 
2252842156 80 
2252956396 44 
2258613272 106 
2258917071 88 
2260023128 245 
2264757560 280 
2267618709 309 
2320219730 132 
2324757644 -1 
2337566620 92 
2361234057 129 
2383870558 242 
2392658483 49 
2461758537 314 
2471154129 193 
2476993581 55 
2507055201 -1 
2510792913 271 
2520098868 123 
2578988105 112 
2593610937 296 
2605466754 312 
2606749121 294 
2609756184 116 
2610939064 57 
2619510025 267 
2620548259 134 
2625645326 53 
2654860392 212 
2663205645 216 
2664450687 102 
2676169286 30 
2679020920 164 
2687344878 35 
2691706875 291 
2702123178 126 
2731332084 179 
2735908495 40 
2735966034 281 
2737822882 71 
2761069713 77 
2764697296 288 
2765475263 69 
2783576001 135 
2784881169 281 
2786605263 160 
2823590817 188 
2824460905 155 
2873094034 260 
2879982974 160 
2886790451 54 
2887436150 102 
2890913512 286 
2905276283 51 
2909911129 311 
2959396056 91 
2964113410 67 
2966513166 103 
2990523667 300 
2994072272 229 
2997509546 264 
3017812975 204 
3047624420 305 
3049801002 294 
3055855656 33 
3071066099 -1 
3077133144 192 
3097775629 289 
3100183781 91 
3103247723 68 
3122293926 160 
3123324499 300 
3135905516 268 
3139782839 256 
3140852670 290 
3141490639 203 
3145140376 180 
3165313810 305 
3195976456 240 
3204452486 99 
3207670796 221 
3221111180 93 
2157983495 156 
2168156937 220 
2181148633 122 
2200580762 -1 
2207121756 96 
2208656353 285 
2259197309 118 
2268714509 305 
2334117311 112 
2337171586 271 
2341499559 287 
2369194683 128 
2382840024 103 
2437686050 196 
2467187587 61 
2480310600 289 
2495398504 160 
2514505894 76 
2516114764 305 
2516349149 98 
2549589537 296 
2594079399 193 
2600797194 282 
2621646636 135 
2631468032 151 
2632165981 97 
2660844882 133 
2674411200 224 
2686131271 58 
2687458250 34 
2687483213 166 
2730654545 284 
2761703343 293 
2793090120 299 
2799643536 292 
2804757768 214 
2834768573 51 
2836963017 -1 
2838403883 68 
2855802939 28 
2969410068 152 
2985440661 42 
3066382080 281 
3089669400 91 
3092612988 289 
3094611454 163 
3095466487 205 
3102628008 205 
3105458509 51 
3118444678 237 
3167204405 300 
3175139773 79 
3217867568 120 
2166984755 274 
2200256159 -1 
2207020886 78 
2225355929 200 
2227354203 251 
2249836429 209 
2252283293 286 
2260149600 118 
2274232159 130 
2282805089 181 
2293845204 277 
2345338718 240 
2368048113 78 
2441839752 283 
2463672091 221 
2472793679 71 
2475999369 102 
2519412399 233 
2542450351 230 
2544447427 98 
2561633570 73 
2561820288 -1 
2572228378 298 
2597054317 260 
2602933958 144 
2618977313 157 
2629265570 163 
2656281291 57 
2670791782 85 
2679558763 244 
2681306587 139 
2694411605 36 
2697643256 64 
2720583876 82 
2725886647 190 
2732984413 162 
2769726657 116 
2775388625 287 
2792064765 162 
2792849312 103 
2825294406 99 
2840751083 190 
2847798112 111 
2866135868 84 
2880349261 40 
2898102385 78 
2901910246 -1 
2917906006 55 
2952481858 282 
2982198181 184 
3004186446 95 
3009574166 53 
3017726684 74 
3020939002 218 
3060489123 94 
3069532978 140 
3077018352 173 
3084184847 -1 
3091283411 295 
3096800582 295 
3099816810 88 
3107729635 216 
3117983795 290 
3121042925 87 
3124874281 142 
3132065993 295 
3135285358 330 
3169757523 152 
2156997327 -1 
2157353604 214 
2159523863 128 
2193097673 152 
2225324453 275 
2232522070 94 
2240719726 43 
2242412947 83 
2254884524 127 
2284203362 46 
2294501976 323 
2297288765 122 
2331677464 297 
2366954275 -1 
2394118072 330 
2406227462 102 
2414891463 137 
2435755461 123 
2463094438 169 
2498119761 109 
2520425308 255 
2524957973 256 
2557350762 276 
2577432539 266 
2580192384 94 
2585325628 116 
2629880566 201 
2649213497 148 
2663058088 267 
2667638911 34 
2682393653 -1 
2689324933 130 
2730890052 100 
2737227472 232 
2764621807 145 
2766478496 236 
2772982768 105 
2788782289 139 
2791366070 241 
2806326854 160 
2807872845 75 
2815097453 301 
2821270749 319 
2842001809 133 
2859895572 89 
2862834835 216 
2883376169 -1 
2910363141 117 
2923226283 295 
2966432595 273 
2970966453 53 
3003551617 53 
3007574286 53 
3017025582 139 
3033853518 317 
3040562347 306 
3061997005 154 
3096690396 177 
3098424334 77 
3117231893 80 
3122509861 245 
3137966915 138 
3139641984 47 
3157689736 216 
3161182624 77 
3211507485 120 
2161280712 285 
2163449456 304 
2169160774 101 
2175789814 297 
2185805814 107 
2225396553 134 
2281746731 150 
2319607310 27 
2328787837 91 
2341332346 55 
2346195322 96 
2368460181 148 
2405638950 290 
2410799190 145 
2410860928 209 
2411466434 160 
2427529943 196 
2471730034 130 
2506302777 166 
2529198528 -1 
2546776600 180 
2562762736 300 
2578458953 -1 
2602794655 129 
2606259633 104 
2652498086 145 
2656079496 -1 
2666551171 154 
2668743826 -1 
2677280191 127 
2690006611 112 
2698206019 138 
2703380368 260 
2723686408 139 
2732718798 113 
2734898186 129 
2737569149 110 
2748315175 114 
2788609893 84 
2808549317 315 
2809547671 294 
2818292059 184 
2825863992 103 
2842092457 300 
2874762428 199 
2887773624 27 
2902639552 281 
2915495570 328 
2925933717 164 
2935248096 294 
2936262571 147 
2937197715 45 
2960772865 272 
2979473773 290 
3019239348 40 
3019338418 315 
3046908448 158 
3063172510 132 
3063219206 175 
3071914204 128 
3077263077 251 
3090564199 177 
3112781123 104 
3128684484 310 
3200705661 136 
3204235436 151 
2159830925 96 
2163755231 128 
2168757736 122 
2173213217 309 
2193029652 298 
2200940646 318 
2210928827 289 
2212355165 169 
2243180821 -1 
2253663702 133 
2284166805 100 
2285395584 315 
2326275231 99 
2345493318 158 
2376385749 251 
2380873168 317 
2432518016 142 
2433562377 315 
2438385797 198 
2460175531 307 
2476837991 -1 
2493078586 298 
2506444516 326 
2531147453 96 
2548675220 139 
2573729588 311 
2597306599 159 
2608248931 175 
2609583333 314 
2622666274 42 
2628515612 310 
2635767731 320 
2665355600 308 
2665555273 231 
2676592958 -1 
2677658184 312 
2683811384 109 
2723090816 321 
2769009570 -1 
2782846038 207 
2839034742 264 
2840021198 315 
2877815007 119 
2878996172 144 
2881819633 317 
2884464434 91 
2903863533 164 
2917051543 278 
2928126551 96 
2932535551 64 
2937871604 197 
2939305324 55 
2966688013 332 
2968612005 99 
2977580154 91 
2987830833 128 
2988170687 88 
2991574681 170 
2995981613 132 
3020439857 306 
3047338473 67 
3048248704 306 
3078424815 96 
3086851537 54 
3088642171 307 
3090165701 115 
3094884259 177 
3129223531 293 
3132086144 299 
3135554655 78 
3138002088 112 
3139658914 102 
3168110569 103 
3175301055 205 
3216246549 68 
3216832518 125 
2204291601 45 
2227253918 303 
2261451609 68 
2271407637 94 
2274629528 170 
2282755230 307 
2309595151 117 
2311259600 84 
2314780603 232 
2325320778 127 
2355694651 82 
2366429650 75 
2368374896 310 
2375901950 112 
2378736773 149 
2414730677 306 
2423618593 168 
2423700574 215 
2451281770 301 
2457718678 102 
2465805348 132 
2495366922 320 
2498948374 311 
2500565554 66 
2504588912 207 
2517509471 190 
2533482454 77 
2546064044 150 
2549767008 295 
2554329482 263 
2569114613 31 
2576609960 318 
2588742528 304 
2622264754 117 
2623221809 -1 
2624095308 301 
2636863034 62 
2640511548 135 
2644579791 71 
2646201517 214 
2658184044 151 
2664631544 327 
2682017928 289 
2687796315 303 
2722210024 86 
2762029312 128 
2769730354 154 
2802034391 171 
2814126175 84 
2832196449 81 
2843050859 267 
2847990059 332 
2872310958 190 
2879849018 303 
2890992563 65 
2972150852 104 
2990087137 50 
2994641252 256 
3012630449 296 
3020222139 321 
3028623565 96 
3043971701 297 
3059143055 312 
3068046683 93 
3071494035 123 
3080024871 165 
3132495002 197 
3138845352 195 
3139729648 71 
3151624014 154 
3156699951 118 
3158175945 30 
3161002654 288 
3165567948 92 
3207381233 228 
3218198971 109 
2156965055 200 
2198183621 282 
2209209701 262 
2214373708 128 
2217029743 120 
2219929088 119 
2229358588 77 
2257967023 137 
2264735690 301 
2266628760 132 
2274372438 304 
2275452165 42 
2275725127 302 
2289627115 85 
2290504459 35 
2292159674 41 
2324103590 302 
2324357424 68 
2326487859 298 
2334459913 -1 
2350569025 86 
2371683290 224 
2378577362 118 
2410174726 197 
2427533264 301 
2460754912 131 
2469383721 163 
2487759337 147 
2492227190 288 
2513608029 153 
2545846152 99 
2554429158 -1 
2564712363 90 
2566314715 168 
2650480842 146 
2656828981 127 
2662690585 150 
2668744389 178 
2677763827 232 
2696482447 290 
2705702564 97 
2734363057 48 
2765226999 157 
2774592971 307 
2795644967 386 
2807584442 314 
2813754476 239 
2814506617 157 
2829999612 291 
2849112939 170 
2868470167 61 
2880443190 285 
2886814230 289 
2956675876 281 
2959107520 128 
2968515106 103 
3007611906 279 
3011247196 281 
3014876256 72 
3029852100 106 
3033856690 33 
3036975624 275 
3040142031 135 
3056656588 197 
3064012032 115 
3080206546 297 
3119121241 210 
3186337591 45 
2161995473 145 
2181085321 115 
2199511814 296 
2216436592 77 
2228136820 299 
2246943434 142 
2257572158 108 
2291100851 305 
2296360186 113 
2309765174 153 
2328501262 285 
2344733747 188 
2346935409 279 
2368457614 306 
2370025093 302 
2380862007 156 
2384532276 88 
2388722646 39 
2397906402 66 
2408780810 299 
2434081463 277 
2441664904 93 
2442822827 72 
2443008120 227 
2450017371 79 
2461072415 92 
2483003414 176 
2518042778 92 
2518479943 148 
2520361229 -1 
2529621168 176 
2533387768 100 
2539150682 177 
2545586179 270 
2590539519 284 
2602823471 259 
2605623908 87 
2617425586 292 
2618253789 171 
2624705155 181 
2692407543 34 
2713591680 98 
2719942810 100 
2737912034 252 
2788570784 287 
2860680222 204 
2868112518 136 
2878472177 119 
2889369583 311 
2906967745 299 
2930214220 30 
2934156282 285 
2941303834 -1 
2980388345 125 
3008950346 99 
3014296129 68 
3024484671 281 
3027973847 300 
3037031165 73 
3059055301 218 
3072944970 62 
3076742940 190 
3085252868 296 
3108578772 89 
3114330574 270 
3114998897 53 
3115971585 115 
3119627059 -1 
3122566081 262 
3129496216 169 
3145937021 97 
3149225046 164 
3155562073 113 
3157680715 112 
3166139004 213 
3166597538 80 
3172261136 100 
3185611090 64 
3196303211 33 
3202919354 285 
3209425366 151 
2154487549 119 
2170288179 202 
2185429835 157 
2216097821 74 
2245291317 179 
2249557684 76 
2261439424 45 
2269669893 294 
2280081130 96 
2281332006 -1 
2328757016 39 
2349064990 82 
2353268896 171 
2366239053 38 
2389617524 76 
2403838762 237 
2407215908 136 
2425350534 158 
2460402036 300 
2460867764 306 
2475216383 53 
2492618413 188 
2514959523 301 
2534853715 117 
2539823666 261 
2546279030 56 
2563907475 67 
2564696387 119 
2566203082 75 
2578319824 179 
2578510264 -1 
2581273649 278 
2597407860 116 
2616076097 290 
2625865640 286 
2633566857 307 
2640665769 81 
2651187873 57 
2659582944 273 
2689366557 151 
2699082903 -1 
2699955436 78 
2703393615 304 
2717261801 153 
2740783003 66 
2757291620 157 
2777352964 112 
2789449552 113 
2819071681 294 
2823499097 163 
2845262900 182 
2862840489 79 
2866033172 279 
2886848727 56 
2906929895 291 
2909737505 100 
2927771292 155 
2936584153 185 
2940768580 157 
2949551265 297 
2951675062 277 
2957377054 295 
2959452642 306 
2968127821 145 
3054746158 260 
3095229255 142 
3099877037 91 
3143504326 119 
3187196119 146 
3201996745 158 
3210051205 94 
3213711983 -1 
3219334741 276 
2150716421 246 
2172231682 87 
2174726503 137 
2203842292 192 
2210886502 303 
2221520083 104 
2230226941 170 
2238496327 223 
2258789709 87 
2270172008 110 
2309672120 291 
2317566120 301 
2324780361 136 
2338040431 214 
2362982731 304 
2369535643 28 
2371194760 87 
2403487179 239 
2471431127 126 
2496239077 229 
2517291713 103 
2529220456 67 
2565087013 240 
2585102288 290 
2592666513 48 
2628875157 80 
2641091527 107 
2643893030 267 
2661248573 143 
2663119984 158 
2667715547 59 
2668512186 122 
2728201509 142 
2730026409 272 
2746124689 303 
2779225649 221 
2780003391 296 
2780099674 91 
2783639834 273 
2804626930 272 
2833943745 126 
2838889863 -1 
2846775711 287 
2853213642 67 
2878264241 48 
2895977903 86 
2903523768 81 
2916559222 131 
2919565654 80 
2978365490 171 
2991932591 81 
3002867173 198 
3044449133 166 
3052005736 109 
3064487158 272 
3111164994 79 
3121321820 163 
3130250635 21 
3139184163 287 
3162927064 263 
3174306087 286 
3189189920 102 
3200665119 171 
2171025645 187 
2176529310 129 
2183101150 27 
2190436242 43 
2216123151 109 
2227392900 296 
2244783767 282 
2271882879 50 
2330261514 134 
2340184204 293 
2344715689 208 
2371073720 92 
2372315716 107 
2382594762 85 
2407590471 269 
2413071405 51 
2423429597 125 
2438520332 113 
2443126412 294 
2447924346 98 
2459123959 146 
2485097467 308 
2500496099 292 
2520925779 128 
2533191841 108 
2572397645 176 
2578706461 311 
2588023013 56 
2610159424 272 
2611352892 300 
2627186055 281 
2643449929 48 
2655269330 108 
2672558508 287 
2690496119 84 
2715975965 90 
2762323532 165 
2782534753 163 
2798161849 55 
2823722082 138 
2842267928 47 
2855889830 104 
2873698792 205 
2875321843 144 
2885996531 82 
2892055209 185 
2917312289 108 
2919303556 110 
2924358796 300 
2963247972 182 
2984070149 277 
2993578292 152 
2996517972 288 
3028401124 306 
3055422441 77 
3066464412 139 
3082280347 53 
3088688539 308 
3107528044 264 
3114657468 111 
3121798284 135 
3132989017 48 
3159897589 170 
3184702759 115 
3195530868 89 
3201158775 83 
2148922938 180 
2190152258 294 
2203532466 63 
2215051469 293 
2228567301 90 
2236572256 121 
2259800988 157 
2288489464 272 
2323159615 103 
2324104515 260 
2340054301 149 
2343205898 284 
2404066622 299 
2414892455 307 
2467406487 144 
2469196869 151 
2498630841 309 
2507506309 295 
2528068405 151 
2557609320 198 
2558799053 47 
2567608485 169 
2591941312 34 
2627683397 299 
2648033094 293 
2650749937 112 
2671549755 285 
2684883718 113 
2686390797 67 
2707437704 198 
2715501597 308 
2718776446 166 
2769515883 163 
2771595265 177 
2778495852 295 
2801425421 148 
2807353056 76 
2824652588 300 
2842471557 63 
2876645029 288 
2880068790 55 
2881382535 169 
2882749811 192 
2891570945 225 
2900507008 75 
2910370157 -1 
2934307421 107 
2946116260 213 
2956951522 288 
2986437726 142 
2990244795 87 
3038294226 124 
3045790215 266 
3061458659 138 
3068256223 263 
3118002266 156 
3125700374 82 
3154337321 227 
3158215979 276 
3158829883 241 
3177976461 289 
3202118150 191 
2170982006 70 
2196237844 298 
2215770092 46 
2224344443 145 
2225138825 152 
2227662482 300 
2242144348 283 
2258306763 147 
2273365470 145 
2278980740 117 
2281230437 303 
2284358590 111 
2313040582 98 
2319288022 292 
2345826473 273 
2353114428 53 
2360251771 196 
2370705422 264 
2403292810 194 
2407310291 72 
2424213788 92 
2450716101 289 
2476985525 288 
2491185909 236 
2535769338 113 
2578073387 73 
2582621359 297 
2585448979 271 
2615592979 284 
2615817200 189 
2715153736 163 
2718550894 164 
2731684167 245 
2753899205 128 
2762841802 107 
2767681841 281 
2776101458 311 
2782719799 51 
2845196971 171 
2852133466 297 
2853291591 168 
2853883693 304 
2908054573 89 
2908598637 -1 
2924423858 196 
2930483210 143 
2935029555 271 
2947798208 109 
2953228209 -1 
2965301906 87 
2974639547 89 
2998251418 77 
3021657122 94 
3030599279 105 
3046008996 235 
3066396280 301 
3075314454 -1 
3079902747 80 
3117725069 49 
3122262361 107 
3127944573 81 
3131587609 106 
3132704442 171 
3185188829 132 
3204130282 71 
3205246994 104 
3206625712 368 
3219482372 298 
2153657681 166 
2163325448 123 
2169117659 53 
2203082587 59 
2263370421 282 
2268395400 148 
2278932517 241 
2285494656 183 
2290649879 93 
2312219728 240 
2338760533 167 
2347480924 90 
2358608304 303 
2362087119 48 
2398195916 55 
2412748598 170 
2415837593 271 
2417234178 123 
2425023138 195 
2434243262 297 
2463995584 -1 
2468856521 44 
2470916807 229 
2471289710 77 
2501487818 176 
2513481738 100 
2514161599 313 
2520344075 304 
2538731442 174 
2554460799 309 
2560037002 110 
2568264282 84 
2572071178 64 
2610283013 274 
2641479225 306 
2667319112 -1 
2684254526 142 
2694734276 133 
2706383042 298 
2718289652 292 
2722352307 102 
2726408321 305 
2728600064 165 
2731789216 -1 
2732380631 197 
2732609124 294 
2734716233 308 
2744516805 88 
2749688800 297 
2782398468 85 
2788593490 129 
2802235834 302 
2856529062 271 
2863618059 172 
2895107145 156 
2905099739 104 
2906542945 287 
2912018797 151 
2913001222 81 
2934131177 177 
2945171726 288 
2947968258 296 
2951726805 186 
2952405731 -1 
2952706291 59 
3005822981 61 
3008585358 90 
3038189961 294 
3039910938 179 
3043291701 259 
3047382590 268 
3050048652 117 
3109353971 190 
3112207505 29 
3138008982 302 
3155967761 41 
3167110348 129 
3175615260 110 
3182593009 304 
3185508119 286 
3187910551 180 
2151529179 170 
2164425263 141 
2167400984 129 
2173825243 212 
2176841200 281 
2180069943 80 
2181178310 140 
2212527909 107 
2213943979 58 
2228299746 283 
2232011855 290 
2272423541 142 
2295476916 308 
2301705068 113 
2302673880 78 
2309009442 76 
2311024950 102 
2326012085 133 
2333139346 124 
2342327495 89 
2352433825 149 
2359541853 70 
2403137197 310 
2429684454 190 
2446427207 75 
2459979209 45 
2487772974 291 
2508482846 172 
2508987520 44 
2537119906 229 
2546032848 183 
2574209438 283 
2581106676 126 
2589109736 165 
2600807223 290 
2617165727 180 
2624814219 286 
2648238294 289 
2655527334 291 
2691423107 44 
2709764970 295 
2730531971 132 
2741257078 117 
2748426949 -1 
2758903052 290 
2763535610 109 
2764101319 293 
2766075525 299 
2799801849 305 
2808451343 99 
2830334014 307 
2856667123 42 
2935029647 308 
2937996958 86 
2950267849 268 
3011767607 277 
3028669036 50 
3041001438 164 
3041636680 86 
3046285849 92 
3046482818 98 
3056953018 167 
3077605426 300 
3102581213 147 
3105016117 124 
3105896927 192 
3196212243 136 
3196728204 283 
3216827190 111 
3218467513 195 
3219335793 156 
2165719567 162 
2203321018 311 
2270062661 82 
2277792112 39 
2278777912 74 
2288387935 -1 
2293021707 155 
2293956304 189 
2295184046 80 
2323927946 279 
2336313546 238 
2342820481 47 
2348074966 109 
2365102950 -1 
2366930636 102 
2375738003 208 
2378677014 278 
2387691530 232 
2412962084 100 
2429015985 98 
2436652581 305 
2513696002 319 
2517771986 304 
2560267831 56 
2565999436 197 
2593642385 303 
2595924934 205 
2618401956 179 
2638821154 287 
2643583679 -1 
2648413120 309 
2651178975 289 
2651709017 271 
2651963618 142 
2657231849 278 
2658331052 69 
2668763252 34 
2673549760 73 
2674992582 309 
2684845312 284 
2694684899 163 
2715082124 133 
2717773372 112 
2718692278 78 
2779818815 50 
2779950819 128 
2790073298 49 
2805824892 298 
2806838193 297 
2808393258 115 
2823323645 159 
2853048669 121 
2857852769 274 
2877165905 168 
2905875171 116 
2916910571 88 
2924481184 269 
2931856049 136 
2950259028 295 
3009921011 172 
3024619151 296 
3072905638 102 
3098433112 32 
3126145916 -1 
3134920421 234 
3175004072 98 
3183466762 268 
3187896926 -1 
3203738023 286 
3210154302 122 
3211037050 98 
3218718316 104 
3219025598 307 
2181788126 281 
2182670252 269 
2226037080 253 
2232633847 285 
2242168360 -1 
2244441138 279 
2289058588 92 
2301554578 194 
2303711975 145 
2309977947 290 
2329215515 55 
2330197570 252 
2339476805 302 
2363978883 154 
2378927102 300 
2410085161 63 
2422250917 306 
2436324040 310 
2457814751 116 
2465032495 145 
2467791229 84 
2485431202 44 
2520833407 301 
2538351579 102 
2543058489 110 
2550509004 292 
2562330004 299 
2566700919 -1 
2577606307 292 
2577750966 293 
2579968202 287 
2590993917 90 
2594322228 286 
2597942075 35 
2625218676 70 
2651604469 33 
2675978860 43 
2700756836 263 
2708211932 93 
2762511078 300 
2764697912 196 
2788603893 33 
2794246417 169 
2802963192 196 
2822579420 70 
2842065927 289 
2848139541 174 
2854840309 124 
2855636365 75 
2940594527 123 
2941128961 86 
2970801417 64 
2973036362 293 
2987990906 -1 
2999839540 302 
3024863497 69 
3028294475 301 
3037720355 291 
3049088972 303 
3066252502 77 
3071892448 39 
3096929469 127 
3137795209 67 
3161967037 295 
3173579977 171 
3178394036 71 
3187288987 43 
3190833075 -1 
3209203710 277 
3211140771 126 
3213827241 105 
2151907659 73 
2157332643 123 
2169364590 149 
2169679276 101 
2174234017 136 
2198968669 161 
2205794776 290 
2251289488 72 
2268288779 42 
2270193732 214 
2284419194 301 
2300108177 283 
2337924586 263 
2363848685 172 
2374141784 159 
2386681494 162 
2389135622 219 
2424043787 183 
2446712875 123 
2463610309 301 
2479194111 122 
2481118300 315 
2515194069 -1 
2518444562 247 
2562604163 203 
2564383302 282 
2566329969 311 
2567714772 192 
2576468360 122 
2585434548 285 
2603000894 94 
2607574724 32 
2610201864 166 
2615837998 164 
2628421622 55 
2641926518 52 
2651180761 161 
2666224497 206 
2666953271 282 
2672600679 308 
2686474996 295 
2694835727 299 
2699050561 101 
2699935355 58 
2706611811 289 
2719249931 286 
2724162519 137 
2726700012 293 
2731341855 91 
2743722461 159 
2751022984 283 
2760321096 46 
2767044822 98 
2770884886 40 
2797375286 -1 
2839462681 -1 
2844779257 196 
2851114574 198 
2857381182 185 
2881085777 133 
2942193722 48 
2955672704 303 
2957289219 294 
2976288799 287 
2986306962 273 
3014501641 99 
3020025399 93 
3036767210 82 
3072898875 136 
3085967069 274 
3086338957 296 
3113322591 293 
3121717821 59 
3135233769 170 
3135498800 135 
3148709840 248 
3150334227 158 
3151229090 97 
3153085291 168 
3159606001 309 
3164643622 304 
3188236882 315 
3205029603 289 
2150459595 295 
2162187111 305 
2168054354 290 
2179202090 170 
2180023000 108 
2185470663 103 
2207611667 293 
2214564040 97 
2232725415 113 
2264351796 296 
2266076827 186 
2266693907 68 
2270027554 81 
2288004486 183 
2289213583 -1 
2328123825 308 
2393313052 107 
2396438856 307 
2411442837 252 
2419638709 297 
2423192010 210 
2441898954 147 
2459068284 148 
2465244558 304 
2488508044 146 
2507306623 116 
2550757183 208 
2559334174 206 
2576097606 277 
2587988095 296 
2589952811 95 
2594814896 45 
2626768007 143 
2649198113 156 
2670240168 110 
2677544681 58 
2688050971 303 
2693542035 301 
2707982010 107 
2710818621 195 
2713645059 305 
2716189048 227 
2730897728 107 
2787841296 -1 
2810684609 306 
2855595011 74 
2856480400 120 
2870738787 303 
2880473125 267 
2900383363 272 
2909035742 308 
2925773773 154 
2958712870 290 
2962693671 265 
2970815084 107 
2975078183 124 
3027209825 174 
3056869805 305 
3074376599 172 
3074937239 51 
3080249414 302 
3081674779 34 
3111042187 59 
3111823471 236 
3147949179 207 
3192163141 264 
3201815222 129 
3205140055 174 
3207644907 -1 
3212459249 95 
2152939791 298 
2157141927 51 
2159204738 174 
2170089678 217 
2178291866 32 
2194782981 211 
2204372839 79 
2207439242 114 
2223065273 62 
2263386138 -1 
2264791741 98 
2287056486 52 
2296134591 174 
2313584741 76 
2315041311 152 
2321088023 285 
2327241748 -1 
2359925334 79 
2397232860 176 
2428404814 219 
2453416470 307 
2464523614 116 
2475172728 294 
2483741348 306 
2490310492 207 
2510343332 98 
2516090089 222 
2520742159 115 
2521111387 70 
2546172813 285 
2584651737 151 
2592779775 63 
2611158794 293 
2613327676 289 
2620512490 242 
2639334529 200 
2639657333 213 
2639854430 209 
2641341337 264 
2656909587 293 
2658767223 179 
2667556481 125 
2673441230 154 
2675826237 296 
2706617256 298 
2719748644 291 
2732788770 42 
2735881839 279 
2751194937 217 
2755295859 165 
2759520759 -1 
2790512703 252 
2814258595 161 
2855966307 39 
2858194968 166 
2866163286 132 
2874898336 244 
2874984973 292 
2894160629 199 
2894815393 279 
2909896349 59 
2928033852 284 
2959135079 288 
2972373251 82 
2993566363 36 
3000270215 -1 
3014502217 37 
3044224738 253 
3056154284 268 
3094453231 168 
3099241662 148 
3100631250 82 
3105112114 103 
3114421858 101 
3141910548 161 
3165251304 278 
3166145056 195 
2164267766 297 
2165974671 219 
2194616653 311 
2244154243 119 
2262246818 140 
2302031871 176 
2328140562 69 
2328302736 127 
2331023338 285 
2384200960 304 
2385410335 159 
2390069363 41 
2429911187 116 
2432797590 47 
2436661350 77 
2460610724 29 
2486598413 183 
2490697749 77 
2491086596 90 
2503354958 156 
2505952709 -1 
2507583796 227 
2528765799 123 
2552055630 176 
2553600562 139 
2554026829 148 
2569364055 132 
2584214766 300 
2602477331 201 
2637017481 274 
2639538936 300 
2663018555 297 
2666208010 134 
2682378938 286 
2686232675 313 
2708045296 119 
2711518284 203 
2749414462 133 
2756663552 33 
2758646822 65 
2774167627 209 
2780767509 305 
2793864330 281 
2805330090 130 
2806241438 227 
2816271999 124 
2849375941 199 
2849884612 37 
2876532623 295 
2884373012 142 
2960391834 89 
2972372383 51 
2976055440 221 
3032800513 -1 
3084494505 74 
3105403432 -1 
3105534814 177 
3125090996 74 
3164365088 44 
3165326582 313 
3192366475 118 
3193935336 188 
3216486479 165 
2187655403 169 
2200700660 56 
2203728793 138 
2228166472 -1 
2228678236 56 
2236961324 152 
2240388264 105 
2242360135 89 
2282550698 -1 
2282909783 176 
2284605722 286 
2301298349 117 
2304951456 109 
2312086839 285 
2313442530 298 
2332046072 188 
2332551740 185 
2337292965 147 
2342788396 311 
2351717867 181 
2365443356 80 
2376750547 84 
2385215028 181 
2401849763 280 
2402937054 217 
2405224842 92 
2410762197 111 
2419668466 302 
2438563987 125 
2446634604 312 
2463873245 140 
2482768678 174 
2557987325 57 
2561675928 298 
2580131024 289 
2589189232 273 
2608207366 185 
2650469805 291 
2650942352 288 
2670008419 215 
2716352299 53 
2735239662 297 
2769475073 286 
2777035749 288 
2840779568 167 
2850264221 273 
2875994252 190 
2877150008 36 
2903060842 134 
2910896752 279 
2919526848 -1 
2935185526 122 
2973243247 146 
2988063232 298 
2994985038 50 
3013553220 73 
3027317139 222 
3053576217 231 
3082393749 150 
3089674725 156 
3094678103 243 
3102966729 300 
3103382037 64 
3125289344 282 
3126289556 306 
3179397763 173 
3180789057 92 
3195372480 302 
3200391867 58 
3209060687 115 
3213698394 35 
2152851646 46 
2163397513 212 
2164619838 48 
2164867934 103 
2169782920 286 
2174404470 36 
2179552059 56 
2188946718 308 
2190912246 129 
2207982434 103 
2214850661 113 
2236582304 243 
2243631117 131 
2253133379 281 
2285578535 163 
2286890252 220 
2287670996 -1 
2291728600 312 
2324177432 91 
2336906758 267 
2344426868 90 
2346952936 125 
2347832821 33 
2427318886 102 
2432739038 297 
2457963371 84 
2459657310 285 
2476818915 101 
2488431591 308 
2497934535 162 
2514230352 122 
2526493253 155 
2536983913 250 
2571528470 43 
2584696472 98 
2623052015 83 
2649596052 133 
2662526220 51 
2663482549 272 
2686167708 104 
2696905605 219 
2698038046 210 
2714926000 171 
2777035679 -1 
2788274735 54 
2795444160 189 
2803131690 272 
2803924946 92 
2817137539 205 
2821230371 279 
2831476527 201 
2843593881 187 
2853750373 157 
2859417119 159 
2861723228 165 
2901579657 39 
2919622413 94 
2923430917 184 
2951404038 107 
2951466623 46 
2972058858 152 
2999370384 139 
3008727535 83 
3032562701 34 
3054181828 179 
3083925907 65 
3100423137 142 
3101899039 67 
3107500912 157 
3150764196 92 
3179402958 37 
3191410412 116 
3200943335 180 
2169309986 69 
2173473910 -1 
2189661167 184 
2221045608 134 
2225228621 47 
2242267966 305 
2247232235 69 
2280769734 33 
2286228584 38 
2315526209 253 
2341302394 121 
2354845963 313 
2357024025 48 
2357231031 299 
2384373474 296 
2394481138 85 
2406342804 299 
2426467979 44 
2459456045 304 
2460379468 76 
2476980218 65 
2483939340 173 
2494043320 51 
2514433145 294 
2545361311 125 
2549769263 177 
2557238175 129 
2598068076 279 
2604722718 161 
2642201395 229 
2642565937 106 
2674600045 60 
2698664115 43 
2720084219 72 
2745928053 48 
2760416813 292 
2774857865 156 
2783196571 165 
2800429417 25 
2838975026 127 
2886054029 311 
2891040929 296 
2903391944 104 
2915570868 -1 
2971745189 152 
2987345817 88 
2992208890 100 
3031553846 -1 
3040327188 280 
3047859734 296 
3070364770 283 
3085283425 221 
3086283687 129 
3093395378 293 
3139875866 283 
3151672631 301 
3157960274 152 
3177596832 292 
3182139270 269 
3190998514 227 
3209041406 133 
3220163044 144 
2149418644 298 
2158365603 273 
2163303631 143 
2193725939 30 
2201207585 287 
2201545024 -1 
2225021908 293 
2232114791 73 
2264049159 142 
2267252209 287 
2311441398 83 
2320968932 176 
2380654441 277 
2393673817 58 
2406278185 32 
2419384529 53 
2428176281 254 
2460661554 185 
2466194703 173 
2478077897 277 
2482985041 186 
2484249752 94 
2502249585 100 
2554703541 301 
2573034148 47 
2575326834 46 
2603076265 -1 
2641511348 -1 
2649994851 35 
2664622160 305 
2681150807 194 
2691909894 33 
2733173957 66 
2746617287 136 
2748174397 298 
2748895628 166 
2749721956 99 
2754052737 152 
2767597881 263 
2776763410 74 
2802487247 135 
2804263266 63 
2833110197 137 
2839519301 46 
2851219626 105 
2851490786 139 
2854237860 141 
2873230209 43 
2896457293 85 
2897451195 273 
2898741285 289 
2919859516 118 
2927001154 298 
2936488380 180 
2945714676 271 
2962129942 199 
2975333795 170 
3008102960 56 
3008360304 233 
3011354188 73 
3017848728 293 
3025361900 295 
3088708826 300 
3154143553 301 
2150454275 249 
2159408926 306 
2167547125 52 
2208152393 130 
2209796558 304 
2209930271 93 
2223542316 132 
2224807469 172 
2231008309 290 
2232308966 -1 
2240350197 265 
2242494942 83 
2245578183 173 
2296190625 306 
2315367294 62 
2320580849 171 
2351072690 284 
2359660078 307 
2359997954 304 
2384838770 67 
2394030589 284 
2413630915 118 
2434949942 297 
2462956509 34 
2464466777 86 
2468163644 127 
2476921175 85 
2509450162 155 
2554219557 134 
2555092427 98 
2561896929 91 
2575645138 196 
2586406911 219 
2589350811 227 
2668027920 -1 
2668856921 152 
2710781281 111 
2725084609 99 
2732961932 52 
2746266081 120 
2752029007 234 
2789794294 283 
2797741341 150 
2804235214 285 
2827257122 40 
2832003486 111 
2837017105 43 
2873068537 108 
2913249214 185 
2920467912 161 
2943945349 230 
2946484567 79 
2960541090 31 
3020373044 111 
3025066926 141 
3032366979 309 
3041587042 80 
3086324843 89 
3093090845 305 
3094869072 97 
3099109084 66 
3119505229 123 
3134192112 99 
3140493099 53 
3143374095 311 
3155430564 97 
3173007622 46 
3189344150 109 
2157581471 287 
2157617013 289 
2163030137 145 
2174932663 107 
2215405587 215 
2222453146 101 
2259137042 293 
2260738901 -1 
2264830445 184 
2267156884 74 
2292190788 215 
2297993639 92 
2312787080 73 
2323023507 311 
2333534536 165 
2336611780 141 
2358677063 96 
2413859258 179 
2416597621 100 
2461979514 271 
2465942009 112 
2482656333 49 
2490848380 -1 
2531518405 38 
2545844234 132 
2566696220 68 
2567750769 114 
2577752289 169 
2578935151 113 
2596440767 269 
2601854784 235 
2613610575 174 
2621657456 37 
2639903333 73 
2640894849 299 
2664813539 299 
2699569848 288 
2717377317 285 
2736153723 276 
2741107932 73 
2756056779 143 
2783986873 94 
2798994044 48 
2810660376 314 
2838970455 95 
2844637588 293 
2846523451 263 
2864659913 271 
2866734245 158 
2903455608 197 
2915267401 97 
2925357730 86 
2945499052 96 
2950706021 294 
2957483368 319 
3004396048 288 
3007220227 96 
3011887189 312 
3050581398 303 
3051964644 51 
3069373950 143 
3075389366 45 
3075532293 38 
3105646918 39 
3115228011 143 
3121393919 80 
3133110367 180 
3156556344 106 
3161929078 121 
3168521813 99 
3178219090 292 
2172945610 176 
2200656598 92 
2205306410 131 
2217977250 40 
2222892691 116 
2230537711 260 
2259652051 221 
2277690630 29 
2299534094 271 
2313155053 184 
2313990940 191 
2341285409 313 
2349694734 47 
2373802582 146 
2387047336 56 
2409150948 100 
2411387441 120 
2419605251 -1 
2442264162 234 
2456984478 278 
2475183319 164 
2479150688 67 
2479730980 230 
2511688008 184 
2535188487 252 
2539721634 177 
2566065785 163 
2573550736 144 
2574950660 275 
2583815393 87 
2603188799 91 
2610604298 147 
2620357807 107 
2622733981 153 
2628465759 147 
2649105359 98 
2659775912 104 
2685303151 160 
2695541572 73 
2711492047 162 
2715680635 293 
2739089520 235 
2751199869 299 
2754820047 120 
2766980616 263 
2778004042 151 
2783123313 276 
2789812411 272 
2816378797 294 
2821600000 295 
2823815884 265 
2843622244 41 
2846062209 95 
2869097274 276 
2870176017 212 
2894827233 292 
2900211049 284 
2911549459 292 
2916587278 141 
2934399544 317 
2953969846 -1 
2977095960 273 
3004738979 -1 
3007975866 141 
3047158493 261 
3081115262 268 
3097899630 289 
3134226088 71 
3144903099 110 
3184855093 272 
3187491194 171 
3201710774 189 
2152052534 150 
2177576291 312 
2207658751 32 
2222992790 64 
2226198411 189 
2243060216 126 
2250781846 57 
2257315059 -1 
2267977788 48 
2281908012 125 
2299954508 114 
2345738103 178 
2349645047 301 
2354254362 148 
2395082380 305 
2401191644 31 
2421202347 55 
2427747815 311 
2432801987 319 
2433248227 293 
