308 662
445 120.072
556 662
923 662
1117 662
1216 478.493
1302 216.998
1438 662
2388 662
2578 662
2694 379.437
2769 51.7134
3236 180.531
3357 157.867
3440 476.889
3869 662
4433 217.021
4917 662
4995 305.696
5024 662
5318 298.35
5463 268.447
5494 662
6273 163.374
6274 37.0982
6593 337.507
6753 662
6853 180.853
7222 662
7460 662
7939 303.678
8018 662
8038 154.953
8045 291.37
8092 662
8277 662
8296 662
8328 662
9570 165.064
10310 662
10390 662
10474 370.903
11015 57.6882
11149 662
11771 156.85
11821 662
11855 96.177
11867 662
11906 662
12150 266.243
12615 217.829
12893 272.316
12998 388.632
13081 662
13125 662
13140 426.155
13240 662
13656 662
13869 662
13965 662
13975 505.623
14002 662
14147 662
14173 198.966
14588 312.876
14869 86.4572
14912 112.69
14955 439.831
15515 230.314
15917 419.32
16183 662
16249 662
16564 662
16591 662
16865 662
16951 662
17092 418.777
17147 465.863
17365 662
17620 78.4273
17708 662
17747 662
18207 493.961
18612 199.396
18615 51.6941
18798 143.423
19007 662
19323 227.76
19941 200.997
20365 662
21163 408.135
21268 662
21464 411.147
21989 26.1845
22219 662
22475 411.11
22759 116.672
23052 108.994
23155 331.467
23263 413.971
23410 12.4024
23528 662
23799 662
23929 662
23986 662
24124 424.078
24269 471.618
24277 215.82
24484 662
24639 662
24782 662
25303 237.389
25319 218.256
25450 662
25504 22.3913
25669 662
25699 385.169
25864 268.196
25987 274.243
26271 288.446
27097 662
27135 249.334
28005 321.679
28283 205.896
28383 290.79
28527 157.02
28568 130.788
28605 153.182
28690 347.055
28761 159.743
28762 108.71
28859 662
28869 662
28910 18.5629
29462 429.269
29698 178.102
29699 114.847
29772 456.89
29776 662
29911 662
30070 662
30121 662
30225 522.919
30274 39.9145
30543 662
30568 273.433
30974 662
31040 421.755
31158 662
31580 662
31625 662
31773 419.436
32005 662
32114 326.762
32119 662
32139 662
32175 263.363
32328 662
32470 484.557
32716 12.3887
32810 662
32835 662
32872 13.3916
32928 194.192
32973 662
32980 298.854
33325 52.7533
33684 74.6109
34069 183.283
34529 368.132
34595 355.379
34633 296.919
34840 435.645
34927 169.083
34967 662
35007 313.215
35319 319.492
35608 404.107
35882 458.717
35911 175.205
36067 662
36102 662
36397 662
36804 662
36982 662
37156 119.637
37314 170.668
37796 218.381
38900 180.179
39319 184.106
39524 662
39661 662
39910 662
40093 303.727
40293 482.037
40314 343.706
40775 400.637
41115 423.76
41508 143.893
42012 662
42141 662
42434 185.484
42784 662
42871 107.914
43242 426.71
43491 662
43867 662
44288 323.039
44869 662
44882 192.915
45058 662
45589 323.541
45726 662
45800 101.139
45882 334.09
46076 182.737
46215 384.423
46798 662
46812 469.066
46891 325.211
46896 662
46900 25.8756
46963 403.868
46999 287.873
47128 662
47531 662
47583 221.25
47585 662
47805 662
47843 153.324
48166 662
48332 662
48885 252.947
49601 106.028
49772 355.787
49906 314.647
50110 182.014
50216 662
50283 24.4206
50640 662
51552 302.844
51585 662
51594 54.9725
51658 390.453
51891 153.882
51922 662
52311 662
52512 662
52541 662
53208 662
53728 230.151
54150 662
54467 366.549
54489 662
54654 84.3756
55007 662
55133 662
55982 37.815
56144 142
56256 662
56280 662
56333 292.388
56842 662
56862 428.75
57629 427.362
58163 242.777
58350 260.563
58644 160.126
58653 22.3907
59130 454.497
59155 464.234
59189 268.225
59193 70.3759
59237 431.343
59341 420.728
59517 662
59633 74.827
59647 662
59816 137.965
60849 662
61654 375.927
61827 662
61909 662
62308 233.453
62630 662
62755 202.664
62759 662
62823 662
62996 227.939
63298 328.749
63307 662
63334 662
63367 137.046
63673 360.851
63978 662
64253 0.260325
64455 662
65164 79.4592
65303 138.958
65486 662
65513 423.996
65518 150.905
65735 662
66361 662
66753 317.827
67217 384.151
67743 662
67851 662
68235 662
68297 662
68417 30.619
68533 216.333
68568 60.7562
68942 662
69211 662
69612 662
69665 192.856
69759 28.1636
69761 420.565
69959 195.158
70076 445.835
70377 662
70459 439.505
70990 662
71109 197.422
71382 2.40621
71406 662
71651 4.64974
71741 662
71838 330.507
72956 662
72973 327.673
73006 662
73165 662
73172 72.7155
73485 308.013
73615 298.91
73798 200.715
73828 39.8344
74226 662
74280 20.7312
74385 137.682
74561 662
74610 662
74941 88.16
75459 662
75516 662
75522 26.0047
75634 238.82
75812 662
75984 421.408
76205 662
76496 345.933
76504 329.286
76600 98.4631
76613 363.216
77115 280.295
77119 662
77284 662
77404 662
77551 4.09364
77673 332.233
78110 662
78147 281.468
78163 186.304
78234 250.233
78273 264.986
78305 93.1788
78640 662
78649 662
78751 163.946
78961 135.365
79256 47.3102
79568 188.482
79590 62.9762
79607 415.34
79747 662
79963 23.2408
80039 431.533
80166 662
80184 138.078
80186 662
80353 291.063
80581 662
80809 48.7389
81166 291.701
81171 662
81197 92.9761
81773 662
81787 662
81854 230.186
82002 199.597
82234 375.143
82573 662
82580 52.2473
83022 662
83057 435.144
83071 662
83279 662
83642 1.62254
83677 662
83683 662
83735 662
84430 662
84554 335.068
84571 662
84839 49.9185
84882 410.504
85797 95.5501
85978 662
85982 662
86297 662
86308 662
86386 341.798
86524 662
86538 662
86683 141.363
87236 219.985
87452 176.177
87893 211.252
88239 662
88249 139.38
88598 662
89204 662
89889 662
89941 213.213
90067 369.893
90072 662
90366 518.632
90419 662
90766 662
90795 662
90812 321.587
91177 281.551
91209 186.702
91502 89.6625
91520 66.8789
91864 662
92502 662
93360 385.284
93606 662
93750 662
93887 662
94283 662
94422 252.949
94582 37.1881
94768 38.7332
95700 662
95789 222.691
95972 662
96090 662
96147 662
96424 662
96648 662
96719 332.609
96942 263.184
97020 662
97435 408.706
97752 89.5738
97844 36.4056
97862 148.074
97872 662
98542 455.068
99127 662
99177 662
99698 3.41643
99889 199.649
