10774 382.309
12853 346.553
21063 134.408
22698 12.4024
31387 381.306
87037 159.911
89709 25.9178
91586 453.109
98534 310.811
98619 231.494
116571 218.194
118473 383.628
141524 510.215
175818 65.8846
191410 2.00361
199039 345.907
218224 195.032
250027 195.117
252121 16.6533
281574 310.343
289106 433.497
306545 416.252
306571 525.064
325162 217.673
335104 92.8504
339332 53.2348
345779 70.8249
360991 422.559
368323 43.8067
409829 217.382
425544 441.676
434595 5.25999
440728 355.051
444718 350.879
467164 410.41
470937 537.017
509558 331.461
513634 128.355
527777 331.568
532991 439.95
541406 107.083
547064 325.128
554945 113.563
559088 133.76
567905 93.8372
578352 124.703
580204 475.469
588915 349.145
591174 5.99102
604129 220.347
607268 472.16
608638 354.198
609769 115.479
620485 417.191
631970 77.5907
640580 424.766
643155 96.8232
643900 68.3975
647335 519.652
648935 111.527
675775 316.975
675811 75.194
678316 368.916
680794 408.319
694968 257.149
700849 260.87
713119 326.107
713146 385.268
724273 126.188
738189 15.295
754721 230.902
755665 10.8395
764336 27.8629
781329 153.817
784570 270.948
789964 388.971
793574 136.979
804392 121.413
815431 87.932
821104 142.452
822355 318.067
828908 350.129
873450 320.782
887045 345.343
889804 143.553
907024 163.468
923647 367.585
930361 140.998
931860 307.116
954293 159.535
955575 24.7393
959838 15.8626
961097 325.194
966216 369.22
972157 241.699
991647 40.9415
991745 71.8924
