402 400.812
816 201.307
979 229.854
1160 66.5788
1530 662
1917 327.96
2153 662
2243 662
2979 151.795
3661 662
3716 403.396
3738 662
3831 662
4450 462.73
4860 167.609
5131 75.3604
5174 60.3583
6193 169.899
6260 662
6489 662
6568 662
6668 662
6694 279.716
6854 373.844
8095 363.279
8191 662
8652 476.833
8680 11.5367
9219 662
9733 662
10171 662
10635 306.572
11157 201.264
11503 13.2642
11896 662
12174 662
13119 662
13611 662
13759 481.744
13901 662
14032 438.197
14597 8.64524
14903 662
15599 434.605
16035 472.824
16036 662
16431 662
16521 313.327
17280 662
17321 662
17466 662
17788 55.2342
17929 262.605
17986 153.021
18570 662
18680 662
18936 338.142
19342 662
19873 23.6375
20815 127.626
21350 110.251
22498 662
22816 662
22996 89.5683
23035 662
23930 662
24097 662
24837 224.429
25422 662
25528 436.3
26189 662
27651 44.6358
27914 379.924
28226 662
28714 662
29528 373.304
29983 662
31446 662
32128 307.294
32972 379.019
33068 662
33119 662
33340 364.411
35022 420.209
35852 13.0573
35888 662
37313 662
38634 662
39832 451.425
40463 662
40476 662
40549 662
40808 662
40960 167.878
40977 662
41193 306.247
41591 662
42070 76.8168
42071 662
42815 662
43969 662
43998 321.81
44315 662
44738 662
45577 662
45666 662
45872 304.802
46616 39.2365
46945 662
47092 420.366
47206 662
47356 662
47493 74.7028
47684 628.97
47836 662
47969 391.102
48693 166.189
51262 662
51657 662
51989 69.2336
53105 662
53269 662
53272 446.686
53961 160.154
55438 662
56321 128.576
56687 40.2742
56768 662
57081 662
57701 662
58308 237.955
58681 662
59112 262.465
60228 662
60276 662
60341 662
60437 471.782
60551 294.381
60985 662
62007 24.1887
62753 662
63904 662
64557 55.8706
64669 662
66123 662
66653 163.493
66915 332.675
66953 412.607
67130 343.735
67184 258.527
67476 662
67876 662
68166 662
68709 441.42
69019 166.636
69959 662
70388 662
71147 51.223
72122 376.647
72316 385.079
73286 165.11
73339 428.031
74526 662
75042 384.672
75940 662
76140 662
76799 403.726
77098 47.0136
77149 60.6234
77257 22.6908
77391 356.891
77774 16.2971
78814 209.561
79394 662
79416 377.157
79957 106.825
80878 10.7385
80960 203.975
80987 662
81496 662
81842 537.872
82181 662
82561 328.34
82745 354.477
82943 24.188
83175 440.383
83308 662
84112 379.883
84232 152.29
84499 662
84629 662
84969 223.13
85144 239.536
86381 56.5731
86422 115.819
86472 662
87512 523.712
88449 662
89455 662
89484 244.256
89636 662
89742 662
90029 662
90550 662
91152 662
91883 662
91998 662
92936 170.46
93654 662
93713 662
93895 662
93942 174.273
94212 662
94387 662
95195 662
95774 662
95988 662
98830 494.449
99204 662
99369 662
99463 662
100200 662
100558 662
100595 662
101139 662
102355 327.831
102949 34.6344
103334 662
103984 259.467
104246 264.416
104548 47.9758
104928 135.131
105879 662
106622 297.991
107098 662
107962 189.971
109614 662
109987 662
110152 355.848
110160 388.148
110349 662
110552 662
111842 662
112252 662
113311 210.816
113860 80.0776
114311 149.928
114629 662
114631 273.558
115567 662
117113 151.719
118137 662
118164 662
118693 662
120138 438.852
120397 662
122528 43.6922
123093 449.72
123222 77.3403
123753 80.971
123921 279.027
124037 662
124066 408.197
124456 662
124835 662
125448 662
125649 259.426
126483 662
126617 662
126862 214.675
127287 662
127318 662
128046 662
128419 662
128854 332.213
128885 662
129417 211.451
129556 662
129974 662
130310 485.583
131305 662
132189 662
132721 149.265
132983 272.593
134938 195.166
135383 662
136476 163.474
136653 662
136926 51.9999
137444 662
137638 183.502
138237 264.219
138619 662
138976 332.494
139142 442.028
139233 13.9194
139241 662
139709 367.852
141372 79.5988
141520 662
141672 132.539
143153 108.527
143426 394.563
143448 347.192
143570 39.2395
144188 313.911
144527 296.82
145418 289.859
145644 5.001
146020 451.407
146733 197.924
147995 300.515
149653 662
150223 662
150834 158.428
152060 467.079
152671 662
152676 662
153004 443.074
153158 125.064
153373 662
153567 662
153862 145.64
154580 662
155739 662
156126 256.863
156397 662
157086 404.026
157982 662
158384 662
158427 662
158567 339.681
159619 662
160109 252.644
160951 353.24
161197 113.578
161588 249.613
162104 662
162840 662
163191 140.154
164480 246.107
165176 291.914
165179 189.27
165211 260.036
165379 61.5563
165597 381.79
165679 662
166200 18.2696
166257 306.52
166868 394.505
167467 662
167509 372.167
169484 662
170412 242.4
171787 662
171990 168.414
174895 327.622
174955 662
175910 435.912
176239 353.325
177338 370.39
177593 310.854
177701 662
177948 662
178113 422.109
178539 662
179141 662
179356 662
179737 662
179781 359.566
179955 662
180082 662
180131 662
180353 160.208
181503 662
182635 662
183236 662
183281 662
183749 662
183808 662
185052 662
185463 662
185583 662
186205 662
186249 292.021
186536 662
186538 214.326
186725 397.571
187559 419.505
188112 662
188355 264.262
188824 662
188890 662
189327 178.545
190244 315.931
190634 137.63
190992 466.816
191043 662
191052 208.448
191225 70.4873
192924 662
194516 662
194689 662
195146 662
195344 333.371
195469 452.137
195636 662
195737 337.652
195791 65.0002
196259 95.9045
196853 662
196862 662
197204 662
198049 175.27
198129 662
198225 307.607
198590 91.3585
198849 437.978
199674 197.116
199835 39.395
199892 291.744
200169 404.389
200231 475.185
200616 31.9987
201964 662
202604 662
202731 662
202878 338.293
203137 144.718
203545 175.47
203704 13.232
203908 662
204322 153.054
204873 365.027
205305 662
205531 662
206284 286.482
206671 241.776
207656 161.301
208836 662
209397 662
209467 373.185
209718 662
210020 49.1146
210230 380.764
210703 662
210857 285.703
211851 323.736
212635 662
213181 85.7
213334 662
213558 662
213675 419.955
214619 114.956
214644 7.4139
215236 662
215244 407.079
215289 662
215462 662
215479 310.61
216801 420.822
216952 217.591
217082 662
218343 662
218446 662
218523 662
219159 41.7594
219508 447.875
219825 321.235
219967 662
220428 662
220847 131.741
221717 101.229
222000 662
222489 242.885
223104 662
223404 203.213
223521 204.74
223746 175.332
223900 662
224627 149.15
224796 415.746
225297 662
225402 26.5694
225444 662
225479 110.866
226196 157.073
226376 445.377
226854 57.5779
227257 342.077
228680 122.006
228853 184.594
229699 342.31
231182 168.307
231794 662
232145 66.0707
232553 69.0361
234400 452.71
234919 662
235420 662
235955 429.611
236540 33.7949
237004 339.533
237380 72.4428
237589 471.699
238545 314.576
239098 486.539
239132 504.683
239763 372.48
240658 662
241277 437.869
241438 456.908
242402 38.4763
243106 236.566
243573 662
243938 318.962
244371 662
244917 48.2138
245462 141.528
245857 441.77
246069 442.955
246192 438.019
246501 9.95577
246916 46.3506
247225 101.767
247271 369.457
247452 361.219
247477 662
247918 413.69
248233 456.163
249603 135.254
250169 662
250236 98.321
250272 662
250502 662
250664 662
250948 46.6428
251014 662
251159 508.948
252446 342.475
252548 662
252720 114.792
253370 662
253372 63.8046
253811 231.068
254227 662
254550 191.378
257303 662
257426 361.822
257745 662
258632 73.5857
259843 662
260701 165.616
260945 212.831
261103 662
261271 662
262122 662
262128 411.756
262488 217.85
262579 254.836
262681 662
262782 139.681
263026 33.8151
263130 44.7006
263516 662
263644 114.621
263701 662
264083 426.497
264280 662
264756 120.912
264848 50.1271
264892 423.746
265107 629.763
265370 662
265439 131.333
266364 174.377
266468 118.953
268353 662
268782 662
270288 350.452
270403 662
270829 662
271538 662
271846 338.998
273383 662
273653 409.102
274446 404.115
274463 662
274801 662
275297 258.321
276272 110.314
276430 504.274
276973 662
278039 662
278048 170.461
278675 39.5138
279034 662
279767 209.441
280537 7.71594
282191 662
282833 662
283041 336.444
283881 662
284060 662
284078 124.89
285001 662
285755 662
285805 662
285960 662
286052 662
286431 662
286672 662
286937 159.062
287489 87.1722
287827 54.0329
288577 474.614
288656 249.625
288740 291.946
289160 662
289308 115.956
289832 436.342
290142 662
290300 662
290633 662
290940 172.989
292042 662
292184 168.162
293171 133.439
293288 396.255
293377 662
294949 662
295137 41.4222
295474 190.372
295918 30.6451
296048 176.502
296586 283.277
297030 662
297278 303.232
297398 84.9466
297471 662
298804 662
299150 169.253
299945 662
300199 662
300583 86.9952
300602 181.474
300889 662
301125 662
301403 31.0724
301466 662
302394 662
302990 218.781
303314 288.208
304107 662
304920 373.417
304935 400.815
305204 662
305366 355.016
306155 662
306482 662
306674 39.8342
307469 188.994
307611 662
307758 414.699
309106 662
309779 662
310631 9.83956
310920 477.475
311074 459.883
311501 293.19
311732 662
311824 147.902
312031 468.423
312247 396.033
313693 662
313885 307.376
314342 107.493
315115 371.801
315706 349.106
316600 662
316656 409.241
316784 662
317541 662
318784 270.383
319402 182.325
319988 662
320484 288.107
322096 662
322107 372.496
322419 662
322513 124.958
322637 206.679
322677 662
323434 662
323864 29.6554
324407 56.9601
324755 324.779
325229 202.452
326071 662
327377 662
327386 662
327706 662
327839 662
327970 465.269
328275 662
328566 662
328704 662
328994 662
330999 460.109
331435 63.6272
331453 214.938
332126 662
332175 662
334586 173.032
334992 244.678
335170 172.257
335289 134.64
335416 205.553
335822 373.769
336057 662
336274 662
336614 452.992
336688 390.909
337367 662
338558 45.7929
339351 662
339444 468.158
339480 662
340221 662
340764 662
340980 87.8906
341132 115.241
341893 436.524
341899 662
342312 114.039
342426 662
343345 286.449
343763 662
343975 662
344804 662
344921 662
345103 662
345104 662
346015 662
346177 121.062
346231 224.761
346341 662
346362 662
347436 662
348362 662
349241 662
349560 662
349739 122.093
350360 662
350745 662
351313 662
351616 662
351764 662
352212 662
352253 662
352259 662
352597 111.982
352635 1.99511
353377 662
353919 417.175
354018 437.771
355374 150.348
355968 662
356887 366.18
356986 662
357412 662
357734 662
357980 477.694
358480 317.667
359769 238.904
359770 290.207
359901 662
360050 662
360563 134.319
361286 402.235
361953 252.658
362143 109.048
362448 175.371
362594 41.6588
363354 662
363380 456.001
363950 367.583
364872 260.508
365128 454.94
365713 126.307
365889 662
366790 662
366960 487.443
366981 662
367251 295.886
367768 452.705
367846 258.244
367885 662
367964 156.893
368215 662
369325 662
369367 662
369798 429.026
369946 662
370054 662
372684 343.256
373647 662
375419 115.094
375674 538.134
376188 128.388
376353 662
376447 396.552
376522 662
377128 662
378460 278.14
379413 491.431
380121 662
380887 302.738
381493 134.454
382220 662
382761 61.1393
383443 382.756
383886 59.3074
384081 662
384083 662
384139 662
384194 662
384531 327.526
385224 222.179
385337 168.321
385374 404.583
386010 662
386056 210.672
386762 228.37
386999 662
387174 662
387305 164.02
387375 662
387696 428.213
389180 662
390003 662
390392 110.07
390668 203.385
390984 662
391009 662
391607 53.6768
391985 261.2
392030 433.403
392067 662
392282 87.1359
393272 49.3374
395040 447.92
395136 373.93
395305 662
395843 662
395902 662
396095 662
396191 494.321
396880 203.258
397037 298.088
397589 44.7036
398069 662
398959 457.49
399297 260.015
399434 662
399974 502.436
400029 419.691
400403 466.903
400860 466.439
401118 662
401656 282.269
401745 662
402373 451.771
402374 1.74501
402748 341.265
402876 320.923
403358 79.0483
403956 662
404559 457.911
404578 662
404901 329.089
405011 662
405493 480.657
405914 662
407033 325.295
407632 662
409100 265.799
409391 662
409699 662
409988 118.29
410268 662
410367 662
411118 471.841
412038 285.445
412281 662
412986 662
413059 18.9821
413604 88.687
413701 662
414711 11.6307
414744 662
414949 662
415899 312.393
416427 33.6551
416763 213.071
417124 662
418051 662
418280 348.245
418808 191.734
418966 450.547
419308 662
419567 662
419699 662
419935 662
420260 124.013
420369 662
421138 662
421690 662
421926 337.888
422667 32.5384
423029 662
423190 184.102
423199 662
423239 662
423406 262.67
423481 484.969
423972 662
424376 3.19419
425354 662
425556 662
426272 8.50422
426333 662
426559 662
426745 662
426958 152.848
427632 266.694
427803 403.368
428486 37.5652
430357 308.073
431257 662
431337 323.464
431385 662
431802 662
431819 141.586
432241 41.3621
432806 662
432913 662
433143 52.6899
433303 662
434051 202.938
434610 256.936
435212 178.2
436661 17.2969
436796 222.452
437024 662
437131 662
438281 662
438300 662
440301 662
440481 662
440508 662
440511 239
440599 390.571
440765 323.741
441587 44.9412
442725 398.578
442766 115.236
443551 271.798
444306 662
444449 662
444691 481.219
444707 662
445194 662
445461 662
445491 491.175
445572 62.9726
445996 662
446586 662
447307 662
447756 324.006
449345 55.965
449484 362.95
449516 662
449719 662
449733 462.571
450003 118.717
450532 662
450541 662
451451 662
451930 662
454175 662
455034 662
455096 229.181
455437 36.576
456623 21.693
457017 109.404
457127 63.5787
457373 415.466
458212 433.465
458356 662
458645 662
458892 442.91
459878 662
460221 239.439
460558 662
461330 195.713
461863 30.374
462791 497.178
462899 126.926
462978 77.621
463167 212.204
463228 662
464019 662
464502 53.3165
464636 662
465005 662
465029 184.913
465079 188.17
466322 478.397
466452 662
466476 266.915
466992 190.623
467440 15.5493
467638 662
467688 662
467751 662
467930 662
468902 662
468923 158.106
469441 215.169
469636 662
471240 157.557
471339 662
472579 662
473016 191.409
473454 662
474572 662
474644 19.3457
475400 268.239
475731 662
475975 662
476274 347.768
477040 331.594
478373 662
479535 430.329
480001 493.714
480156 129.555
480247 201.201
481187 417.493
481660 308.066
481974 662
483123 662
483854 453.965
484119 28.2545
484284 169.528
484314 662
484604 246.613
484927 662
485150 662
485333 327.471
485720 662
485836 383.785
486268 350.402
486424 662
487639 662
487898 662
488333 373.716
489307 662
489459 116.028
490281 154.9
490502 143.199
491533 302.601
491880 101.912
492354 662
492398 454.893
492807 662
493010 662
493033 439.689
493482 347.032
495348 428.797
495906 466.952
496324 250.117
496357 114.156
497274 98.0878
498287 392.992
498712 251.326
498720 662
498786 448.076
499261 44.942
500177 313.829
500291 129.785
500687 405.619
500836 662
501345 293.211
501477 662
502975 463.651
503645 662
503975 662
505492 662
506321 662
506344 168.234
506639 662
506650 662
508161 218.125
508633 662
509502 225.743
509897 309.966
510642 454.045
511548 662
511617 662
512147 195.67
512302 662
513444 662
513690 369.529
513800 239.435
515158 662
515290 12.9343
515458 81.7096
516637 324.031
516745 15.313
516962 427.836
517379 662
518767 285.918
519586 140.165
519777 485.651
520180 69.669
520931 261.461
521498 149.903
522929 662
523465 662
525116 662
526131 204.998
526614 174.931
526741 121.171
527073 662
527300 390.256
527475 343.183
529158 132.436
530086 662
530403 174.961
530640 91.285
531511 350.692
531560 307.681
531767 279.669
531920 316.772
532502 662
533501 379.982
533553 662
533851 662
534458 367.938
534599 662
534723 662
534767 662
534835 474.539
535346 30.5638
535414 662
535497 662
536446 662
536532 106.935
536715 407.59
537205 662
537992 379.129
538059 662
539155 186.473
539172 474.24
539174 94.8642
539442 662
539483 96.6938
539531 662
540231 662
540460 418.727
540493 0.623766
540576 199.2
542392 523.315
542480 662
542653 662
542865 662
543752 662
544063 662
544624 662
544941 473.71
545329 310.893
546469 418.148
547291 662
547825 203.534
548330 308.496
549259 662
550011 105.888
550568 0.773144
550936 339.106
551112 195.736
552421 662
553159 337.122
554260 162.614
554541 398.765
554680 662
554954 662
555234 406.143
555488 662
555882 411.941
556015 70.644
556082 662
556094 344.079
556665 257.991
556759 662
556779 662
557347 255.016
557545 631.961
557669 128.98
557970 662
558775 41.7029
559084 662
560422 662
560767 662
561031 662
561054 337.549
561205 113.321
563084 662
563870 75.6185
564717 307.455
565434 662
565482 295.896
565719 662
567491 336.441
568477 354.06
570210 495.306
570341 662
570602 662
571060 396.804
571574 662
572423 662
572543 284.163
572792 335.743
572913 662
573087 662
573849 62.718
574299 662
575402 175.82
575526 406.585
576112 468.562
576383 408.588
576495 662
576668 459.306
576690 168.324
576764 662
577988 477.919
579239 323.356
579319 13.9651
579831 91.7346
580338 662
580410 174.839
580922 662
580975 662
581432 347.685
581578 662
581850 536.055
581891 31.9123
582062 662
582583 276.713
583182 45.9329
584034 662
584706 662
584835 662
585729 205.598
585742 190.634
585797 662
586494 662
586647 201.535
586681 662
587586 662
588046 141.058
588120 228.749
588300 523.86
589936 466.935
590031 170.689
591702 662
592319 662
592717 90.5989
593104 265.646
593238 374.187
593301 662
593793 662
593889 481.647
593928 662
594272 662
594403 662
595012 662
595362 662
596149 662
596442 242.715
596707 368.526
596991 662
597494 662
597597 662
597801 105.259
599790 214.947
599846 272.251
599917 178.683
600466 452.736
600674 662
600700 662
601047 662
601247 410.078
601360 662
601413 662
601420 662
601506 662
601914 662
602106 468.347
602269 256.482
602292 662
603340 662
603600 13.6125
603741 662
603818 38.454
604361 0.131066
604512 394.131
604977 68.6551
606322 215.575
607410 662
608511 662
609592 95.0482
610430 398.77
610607 662
611862 662
613727 260.4
614019 15.9489
614458 1.22715
615806 662
616405 419.907
616550 208.516
616831 15.3886
617314 662
617615 662
618018 429.606
618041 374.219
618137 263.725
618608 113.067
619112 131.534
619155 364.601
619779 662
620025 662
620163 173.098
620653 337.508
620801 662
621031 354.804
621548 380.091
621695 662
621843 662
621903 337.75
622576 244.691
622762 662
622950 662
623296 662
623893 16.674
624734 264.8
625542 359.558
626046 313.334
626941 662
626967 662
626992 334.074
627524 662
627584 58.2908
627828 662
628546 264.621
629200 662
629516 662
629744 392.213
630228 662
630375 360.831
630678 482.507
631733 662
632370 662
632602 662
632706 662
632758 662
633836 662
634246 662
635182 662
635555 441.703
636749 12.8176
637045 150.038
637243 163.454
637526 426.212
638323 376.426
638802 662
638869 366.74
639066 662
639196 422.69
639469 662
639530 662
640504 39.7965
640602 146.924
641043 662
641563 662
641689 451.685
642193 662
642245 662
642521 388.909
642658 349.3
642805 428.921
642840 662
643035 198.653
643484 182.274
643974 27.8038
645654 160.685
645907 662
646012 662
646026 662
646890 2.44489
646939 662
648009 294.399
648770 662
649245 176.175
649465 350.383
649685 450.733
650180 232.947
651713 662
651971 9.07889
652086 662
652455 312.457
652789 662
653039 662
654467 375.329
654505 399.363
654579 192.344
654820 185.796
655451 97.3056
655888 0.827418
656463 77.0667
656732 662
657643 362.661
658046 662
659522 662
659621 662
659714 152.42
660358 306.682
660674 352.921
660822 60.9898
660957 662
661511 14.8615
663066 232.473
663077 106.836
664255 207.512
664474 662
664508 662
664794 662
665336 59.0185
666403 662
668996 662
669528 6.0184
669664 225.918
669739 275.392
670107 190.425
671372 662
672055 662
672074 284.59
672319 303.923
672339 448.593
672528 420.859
672565 205.121
672610 445.381
673008 497.94
673400 662
673520 375.329
673956 324.129
674194 662
674200 662
677323 66.4512
677789 404.636
677870 21.6694
678136 662
678488 97.4649
679333 662
679924 662
680164 44.6318
680802 196.101
682361 662
682862 662
684513 662
684946 237.777
686480 662
687598 662
688226 210.406
688424 102
691054 464.66
692151 227.025
692260 662
692357 468.818
692774 662
692918 662
693223 662
693447 477.387
693941 201.722
695106 431.609
695976 269.889
695984 130.505
696593 413.072
696739 510.812
696816 662
697147 353.372
698285 662
698856 34.1089
699340 662
699407 328.097
700418 155.579
700529 39.1947
701240 437.271
701553 662
701646 662
702308 662
702350 42.058
702368 662
703691 26.4675
704348 662
704355 662
704702 662
705074 662
705255 662
705258 662
705431 239.89
705835 662
706295 129.41
707308 202.479
708444 437.88
708536 303.505
708566 662
709206 662
709400 662
710115 339.714
710799 349.99
710865 177.661
711020 190.121
711178 256.36
711885 662
711935 131.83
714019 393.598
714065 52.1575
714928 662
715142 427.468
715216 15.5006
716673 56.3023
718346 238.99
718820 662
719621 89.5926
719704 315.361
720414 662
720961 55.9438
721321 662
721578 662
721972 178.811
722976 419.237
723353 662
724121 662
724545 222.859
725267 194.7
725483 393.955
725569 662
725781 3.01914
725803 662
726252 246.282
726672 422.053
726736 662
726770 662
726990 662
727989 434.725
728355 662
728711 304.798
728863 662
729160 178.01
729202 662
729700 16.2345
729917 662
731095 182.985
731916 662
731953 662
734477 662
734935 662
735559 662
737016 662
738767 461.499
739014 662
739786 662
739962 662
740627 662
742068 662
742348 662
742748 662
743136 139.377
743143 99.5767
744170 662
744332 662
744828 408.022
744840 662
745096 662
745506 662
746487 182.505
747295 108.868
748532 526.081
748555 662
748590 450.883
749019 662
749125 662
749338 221.555
750081 662
750222 88.4887
750559 124.597
750935 662
751071 662
751250 662
751388 298.354
751998 361.067
752235 662
752939 468.497
753201 294.488
753717 152.853
753732 662
754119 162.323
754166 662
754359 662
754559 155.64
755556 429.491
755578 463.055
755579 662
755914 662
756438 662
757218 177.02
757227 221.073
757374 117.426
757593 662
757978 443.427
757995 662
758231 251.349
758748 662
758798 342.285
759581 662
759823 662
761384 662
761724 74.668
762045 494.698
762124 662
762195 662
762323 662
762634 662
762660 113.821
763051 475.574
763265 22.7051
764483 578.716
764712 67.83
765194 320.543
765352 662
766244 662
766431 662
766512 145.577
766925 245.339
767012 662
768073 253.661
768133 662
768263 491.47
770533 425.753
770935 251.38
771459 380.423
771582 433.149
771808 662
771969 662
772180 662
772245 223.204
774010 303.711
774224 312.15
774448 415.692
774461 662
775226 662
775481 456.775
775563 662
775983 197.959
776316 662
776807 125.631
777082 662
777998 539.358
778210 662
778519 381.615
778776 133.794
779359 662
780113 662
780136 211.625
780156 471.997
780769 662
781008 460.239
781445 177.225
781769 662
781791 376.624
784127 201.69
784324 662
784401 158.411
785420 416.103
786411 662
787338 165.421
787592 394.797
788236 116.696
788931 338.201
789056 413.004
789851 662
790197 32.4349
790298 662
790346 662
790980 662
791101 662
792210 208.904
792421 104.148
792464 662
792757 339.336
793020 662
793359 54.7596
793487 662
793744 662
794213 662
794339 662
794842 178.641
795015 662
795637 212.078
796009 662
796031 21.1441
796118 662
796620 41.2824
797221 662
797382 343.424
797411 662
797906 389.133
798806 662
800457 662
800877 662
800937 662
802716 295.268
802729 292.016
803003 134.272
803718 413.038
803919 397.085
804994 410.17
805643 662
805861 662
806190 50.0916
806262 374.574
806594 411.766
806889 475.926
808128 30.3334
810002 662
810592 470.153
810834 662
811112 236.31
811702 36.0673
812144 662
812359 662
812684 662
813014 662
813187 386.079
813308 14.1096
813822 400.353
813827 662
814484 662
815435 662
815906 662
816057 71.3722
816759 662
817677 662
818418 662
818561 259.13
819634 662
819771 662
820359 662
820370 363.516
820538 56.5725
821395 418.485
821439 662
821804 662
822259 662
822396 662
823289 151.563
823395 662
824493 662
824988 176.142
825032 662
825079 662
825097 404.818
825475 24.4944
826250 248.639
826669 425.982
827150 662
827342 222.49
827436 161.065
827505 4.6894
827675 662
828131 662
828691 662
829615 399.595
830444 662
830854 662
831025 219.432
831529 662
831640 662
832134 662
832250 662
832916 662
832976 62.1884
833326 485.906
834358 662
834938 208.469
835689 662
836215 662
836797 662
837121 662
837787 277.907
838179 326.609
838416 53.3334
839291 662
840177 220.757
840245 662
841192 662
841717 662
841805 662
842231 455.396
842236 662
842394 662
842686 662
842773 662
842843 137.123
843127 412.425
843789 662
843889 473.258
844125 552.004
844605 662
846366 409.9
846572 419.235
846925 89.5164
847848 662
848081 473.66
848225 142.118
848708 662
849556 662
850113 171.01
851036 48.9835
851191 662
852180 470.78
852231 662
853966 122.35
854050 247.947
854172 662
854489 662
854675 662
855726 662
856886 131.187
857212 94.7304
857394 662
857612 73.2706
857625 287.877
858391 329.474
858486 662
858772 244.015
858872 662
858923 118.333
859979 662
862008 215.609
862344 662
863090 137.398
863289 662
864283 662
864488 662
864634 662
865440 111.573
865578 245.662
865685 662
865862 662
865994 506.996
866248 662
866468 359.836
866540 662
866641 469.148
867528 63.5842
867632 662
868077 239.153
871062 98.365
871209 662
871335 662
872095 662
873451 273.68
874698 117.689
875040 200.034
875196 468.396
875388 391.866
875924 662
876924 422.625
877392 662
877424 662
877460 416.724
878016 662
878264 662
878552 67.8167
878607 131.569
879209 353.481
879394 662
879624 305.139
879786 128.63
879863 149.261
880494 662
881125 187.593
881436 47.7418
883744 443.045
884386 662
884903 662
885452 402.266
885523 662
886331 23.8735
887805 662
887946 662
888008 236.151
888713 662
889095 662
889314 662
889717 335.904
889936 662
890561 459.88
890995 272.446
891007 182.476
891860 662
892223 662
892314 662
892793 104.976
892808 232.893
892884 246.449
893067 290.089
893068 662
893585 439.184
893781 662
894098 662
894546 662
895331 28.9017
896232 541.539
896390 662
896555 403.096
896795 124.351
896839 662
897305 662
898844 157.895
899513 336.863
900676 242.983
901291 208.015
901596 429.408
902541 662
902559 662
903478 218.663
905375 662
905499 18.4863
905718 41.7006
905814 211.985
906933 662
907926 662
909397 662
909458 662
909564 135.027
909691 357.821
910112 211.378
910562 310.415
911862 19.3423
912456 662
913948 662
913956 260.541
914879 363.624
915494 662
915608 391.114
915629 195.287
916094 662
916355 199.679
916932 662
917069 101.603
917144 662
917793 419.175
917916 662
919364 662
920066 662
920574 662
920577 662
920983 223.407
923311 662
923676 662
924336 301.012
924691 662
924835 662
925222 459.599
925932 77.7617
926318 662
927278 662
927485 662
928310 70.7546
929536 662
930004 662
930153 458.776
930566 662
930865 662
930979 662
931368 662
931754 662
932357 383.916
933213 64.7016
933627 130.091
934208 123.545
934601 662
935099 662
935515 662
937028 37.9989
937239 159.794
937512 392.548
938324 193.976
938365 662
940224 662
940585 93.4804
941728 136.52
942112 662
942223 327.364
942589 662
942746 196.315
942952 228.793
943741 662
944529 662
945075 662
945936 305.156
946428 486.376
946747 662
947178 662
947399 662
947899 392.242
948624 80.7437
948973 272.597
949189 662
950294 412.671
951409 662
952397 662
953510 662
953551 662
953835 662
953998 319.594
954031 258.91
954550 662
954718 196.911
955075 35.1016
955404 662
956546 662
956895 64.688
957141 214.888
957259 662
957523 662
957667 662
957888 15.3361
959059 432.993
959579 128.926
959903 452.326
960820 412.695
960871 662
961173 662
961471 110.264
961485 662
961824 662
962636 139.989
963284 662
963545 662
964345 327.987
964375 17.0832
964905 141.841
965460 175.774
966023 662
966410 467.895
966696 662
966866 662
967063 662
967196 273.37
967740 453.315
967969 406.22
969194 662
969305 60.0287
969767 468.966
970110 305.27
971398 662
971612 662
972040 662
972337 662
972381 388.052
972392 300.992
973243 662
973785 94.4286
974831 662
975018 662
975241 662
976198 429.294
976297 662
976401 445.166
976453 402.897
977203 226.38
977873 662
977891 34.4059
978529 119.814
978878 662
978921 662
978976 435.562
979113 427.812
979123 662
979354 137.529
979865 662
980502 14.0996
980650 76.109
981638 662
983092 441.153
983099 26.1801
983508 23.6566
983865 662
984252 407.33
985427 201.075
986143 413.014
986471 309.046
986519 662
987506 662
987691 1.60017
987952 284.839
988000 79.8439
989055 662
990072 662
990184 662
990565 662
990661 662
990941 127.618
990994 662
991401 662
991671 273.87
992540 453.626
992613 662
992980 662
993377 53.3467
993825 240.939
995913 662
996998 662
997185 187.992
997190 447.627
998065 662
998069 662
999101 467.672
999743 489.36
