9082 420.92
20056 86.8958
28364 342.299
31355 11.2583
32997 449
61829 86.2684
64827 399.44
77678 231.619
96615 124.498
103723 246.24
106724 210.795
131296 7.73582
134405 477.82
146992 14.4074
152522 264.201
154489 19.7762
162233 57.451
166927 521.286
168067 459.866
172567 629.234
202681 182.59
208116 167.91
213567 220.824
228701 242.221
229662 8.9882
231907 309.398
237003 20.7705
252024 126.254
257702 24.9884
269116 378.184
271111 248.265
275100 32.6182
278995 248.766
279321 144.747
284891 240.643
293683 147.114
304896 305.296
306550 493.334
311705 107.759
317761 224.556
326086 383.698
330883 413.565
333683 133.613
335129 165.39
338934 27.0146
341583 196.813
342902 27.9896
380261 339.529
412163 381.41
415663 470.205
423568 104.692
434450 256.446
449262 336.9
455648 10.1185
459357 121.067
468572 253.801
469975 281.448
484096 361.819
490506 459.947
502831 70.6667
509387 343.973
520597 51.2898
532534 427.557
536507 420.362
537490 224.872
540064 472.15
546721 333.977
582303 271.521
587052 279.092
601928 125.776
605400 295.279
614338 460.19
621122 108.822
621859 46.1748
643115 392.509
658142 206.622
716865 346.151
719761 474.649
733980 242.954
735833 265.295
746046 356.706
751929 159.985
769085 143.824
770323 224.4
772039 384.712
803963 358.979
814529 191.409
838865 446.379
849744 64.172
850717 168.56
865892 135.832
883498 324.698
885998 377.831
896744 257.866
908493 335.96
915384 468.72
919978 41.8365
927311 87.3764
945396 417.162
957255 250.731
969819 50.6587
972516 215.965
973255 477.015
973643 94.1879
984305 507.904
986608 216.791
998800 141.231
