458 400.812
651 662
848 30.1127
1818 116.689
1993 66.5788
2193 662
2540 344.842
2549 185.392
3140 369.897
3664 394.477
3791 662
4834 662
5196 662
5441 336.071
6288 662
6367 662
6467 662
6493 279.716
6653 373.844
6808 419.459
7007 662
8392 325.953
8514 662
9416 662
10047 662
10832 662
11916 233.884
12288 27.9242
12667 662
12998 662
13465 55.7726
13570 140.85
13680 662
13906 662
14853 662
15111 662
15631 474.633
15777 662
15881 347.757
16198 662
16707 662
17133 662
17569 230.876
18351 173.239
18784 662
19260 662
20099 174.54
20731 662
21536 662
21609 662
21997 7.36868
22278 395.897
22774 662
23586 662
23789 662
24269 662
24808 662
25218 662
26580 36.4582
26690 53.4875
26703 314.233
26815 290.616
26850 662
27196 193.996
27922 385.202
28778 38.5819
29273 31.6571
29604 662
30079 49.5902
30632 662
30792 164.931
31101 662
31360 446.158
32513 159.537
32885 662
33280 333.333
33480 662
33607 342.768
34228 110.858
35589 662
36546 662
36554 662
36557 662
37261 93.3426
38620 311.299
38814 443.006
39202 372.292
39418 537.132
39598 330.595
39667 441.332
39933 662
40172 30.8496
40623 662
40928 662
41454 430.598
41910 662
41991 127.142
42431 135.462
42632 354.692
43001 463.466
44699 662
44728 321.81
45428 662
46942 90.2685
47288 662
47393 373.673
47553 370.688
47882 662
48019 74.7028
49890 223.322
49981 662
52230 662
53207 140.634
53588 662
53992 323.367
55074 458.728
55868 116.678
56015 19.8152
56346 427.542
57851 662
58142 115.571
58580 270.272
59000 662
59072 662
59310 169.807
59529 74.8883
59747 662
61436 362.666
61546 662
61878 662
61939 267.307
62641 140.345
62763 257.563
63023 509.219
63663 662
63791 662
64010 662
64537 290.997
66199 70.7561
67175 662
67403 343.735
67457 258.527
67755 284.812
68882 662
69793 170.534
71651 662
72343 376.647
73390 662
74215 226.656
74519 662
75824 662
75858 662
76103 384.672
77671 662
78873 662
79053 16.2971
79152 32.8215
79813 209.561
80388 662
80410 377.157
80951 106.825
81516 362.599
82169 121.797
82173 421.302
83541 662
84035 662
84063 265.079
84593 483.641
86172 341.611
86424 662
86606 662
86786 147.934
88348 662
88689 662
88919 138.504
89457 8.42462
89898 523.712
90134 252.146
90503 662
90523 260.725
91004 39.2454
91776 662
91793 662
92921 662
93409 340.38
93826 204.427
94302 662
95156 64.558
95432 662
95491 662
96132 662
96212 33.0571
96716 135.966
96844 662
97938 662
98505 662
99115 662
99924 662
100434 662
100576 106.507
101984 62.5298
102035 662
102620 93.0433
102864 662
103222 662
103259 662
103515 359.426
103804 662
104758 662
105083 662
105578 662
105609 662
105746 252.831
107392 19.1908
107789 246.377
108070 662
108237 187.489
109378 432.293
109535 266.141
110302 662
111222 662
111550 43.5844
111809 662
112377 662
113683 662
113870 250.934
113901 662
113912 662
114752 349.833
115238 80.0776
115689 149.928
116275 662
116481 662
116846 662
117661 662
118036 662
118920 394.363
118983 662
119340 662
119367 662
120015 15.2634
120105 295.332
120264 243.615
121132 372.154
121165 213.019
121566 662
122527 409.868
124335 662
125306 662
125335 408.197
125654 130.07
125655 454.081
125660 662
125691 662
126504 662
126614 662
127365 662
127429 662
127985 662
128073 162.49
128498 186.398
128616 511.158
129059 662
129090 332.213
129121 662
129653 211.451
129831 662
129977 662
130624 196.879
132575 368.143
132809 662
133170 149.265
133432 272.593
134405 184.18
134691 662
134854 107.411
135631 662
135763 271.773
135783 185.78
136211 138.012
136604 662
137052 151.517
138618 183.502
139186 145.798
139254 109.462
139374 326.203
139758 471.251
140322 189.796
141014 662
141166 662
142876 662
143274 662
143638 432.6
143850 320.45
143893 32.5461
144304 662
144547 366.436
145150 120.755
145165 39.2395
145939 662
146737 662
147249 662
148012 466.801
148090 662
148354 220.261
148758 662
149299 114.488
149448 662
149851 662
151217 662
151597 403.67
151647 416.006
153489 162.215
154204 662
155425 211.708
155460 662
155965 662
157111 222.541
157163 36.5146
157314 662
157965 662
158340 662
158727 256.863
158796 662
158999 382.419
160174 404.026
160446 662
160542 662
160640 474.813
161831 662
162127 192.475
164498 113.578
165269 191.968
166349 662
166797 429.444
166886 353.637
167102 662
167131 86.0673
168042 210.006
168496 662
168970 662
168985 662
169270 167.792
171754 123.301
172350 662
172527 662
172596 662
173250 242.4
173827 662
174040 425.393
174226 662
174849 662
175052 168.414
176444 217.355
176806 235.874
177606 662
177781 454.08
178221 18.8806
179123 353.325
179351 662
179523 662
180203 662
180450 662
180651 241.179
181418 3.60986
181850 662
182838 178.504
183107 237.637
183726 291.527
185977 662
186333 662
186380 218.152
186405 503.161
187170 662
187302 662
187491 421.851
188543 295.813
188557 662
189260 662
189654 346.567
189906 662
189908 662
191541 662
191784 264.262
192076 435.24
192589 393.147
193096 178.545
194013 315.931
194417 662
194426 208.448
195171 204.438
195509 662
195716 396.464
196020 149.905
197049 362.306
197778 472.607
198375 662
199071 125.538
199176 263.05
199306 279.847
199911 68.7612
199935 1.23989
199952 662
200142 242.355
200702 439.89
201138 358.11
201610 290.714
202800 662
204171 197.116
204332 39.395
204389 291.744
204666 404.389
204916 662
205324 662
205968 462.873
207260 167.255
207523 349.835
207550 22.2785
208641 662
209286 662
209486 662
209765 523.058
210020 153.054
210764 662
211966 286.482
212635 241.776
213715 662
214211 47.255
215027 662
215172 662
215700 49.1146
216087 662
216542 662
216637 8.12676
218131 186.864
218413 662
218416 108.903
218660 662
218700 326.779
218812 265.737
219211 305.174
219931 662
220111 495.203
220248 174.894
220429 94.3751
220500 407.079
220545 662
220718 662
220735 310.61
221590 662
222590 420.822
224017 79.1212
225853 460.003
225905 341.69
226138 368.992
226539 447.875
226856 321.235
226998 662
227459 662
227975 131.741
229271 425.001
229326 222.112
230118 220.708
230189 662
230836 662
231182 28.5449
233268 662
233344 662
233352 308.919
233389 210.732
234348 349.45
235009 35.4513
235287 662
235504 342.077
236581 662
237053 662
238082 662
239958 412.326
239974 662
240017 164.527
240095 71.5378
240680 66.0707
241088 69.0361
242685 390.031
244216 29.3689
245550 662
245657 662
245705 225.748
245986 662
247887 662
248050 110.612
248330 662
248507 662
249005 333.656
249506 662
250049 248.514
250726 38.4763
251430 236.566
251897 662
252048 662
252746 31.06
253073 662
253373 662
253465 265.277
253588 662
254122 436.015
255379 139.324
255439 182.908
256318 434.206
256462 176.171
256887 662
257013 475.475
257401 662
258728 662
259477 231.42
260827 333.622
260860 107.544
261349 662
261793 662
262662 450.895
262691 148.592
262754 341.16
263082 662
263447 362.855
264141 83.6732
264231 137.698
264263 272.679
264684 409.831
264964 191.378
265615 662
265946 662
266369 427.296
266376 662
266947 82.9834
267825 662
267910 662
268247 338.537
268682 662
268684 414.194
268790 662
269808 662
270120 662
270166 662
270460 388.643
270467 662
270924 662
271144 662
271244 662
271294 448.91
271338 150.341
271706 662
272417 198.455
273067 34.127
273177 391.393
273736 99.0794
274021 217.85
274112 254.836
274214 662
274315 139.681
275492 232.886
275669 490.643
275938 215.366
276403 285.641
276497 11.0983
276745 337.908
276968 122.076
277044 354.107
277882 240.855
278472 174.377
278583 299.142
280250 662
280463 455.901
280484 662
282733 114.545
282822 391.515
282880 174.682
283400 282.086
283447 662
283519 48.3528
283736 662
283790 415.704
283847 36.3088
283918 12.0154
283960 662
284725 326.374
285971 198.083
286183 480.115
286372 398.98
287295 662
287840 662
288472 440.026
289289 662
289397 235.836
289795 170.489
290428 385.451
290612 261.083
290791 200.855
291144 104.896
291269 431.09
291732 662
292399 662
292652 209.441
294615 475.53
295199 662
295364 368.942
295406 102.051
295573 662
295781 336.444
296572 310.151
296632 239.248
296830 662
297370 68.2703
297431 190.856
297555 94.0467
297763 662
298504 662
298659 662
298751 662
299035 455.898
299413 662
299508 662
299975 662
300037 162.178
300716 223.037
301027 10.7253
301467 291.946
302269 115.956
302620 114.964
302715 50.4606
303360 80.0092
303493 182.619
303564 152.493
303761 662
303827 662
304316 319.544
305267 662
306277 503.917
306429 270.001
307596 662
308251 662
308504 662
309294 662
309778 143.382
309898 283.277
311531 204.883
311696 138.669
311827 662
313433 662
313687 662
314134 86.9952
314153 181.474
314482 662
317223 662
317269 662
317303 220.297
317447 341.401
319259 662
319803 662
319972 218.56
320598 227.184
320725 662
320967 662
321174 92.2348
322034 662
322397 662
322487 368.197
323047 662
324377 9.83956
324550 662
324605 475.952
325298 126.413
325565 662
325813 662
326010 662
326786 424.543
328969 662
328979 662
329153 662
329613 368.833
329956 291.977
330914 662
331270 662
331414 44.4214
332251 397.334
333506 288.107
333948 73.8088
334078 458.07
334772 662
335483 462.628
335747 46.736
335893 662
336366 662
336603 662
337025 662
337294 662
337379 449.375
338333 28.941
338617 662
338660 662
339124 349.277
339126 662
339436 132.734
340507 281.657
340660 370.015
341607 60.3131
341707 470.85
344311 256.524
344532 662
345431 662
345861 662
346518 662
346522 96.8214
346658 662
346776 662
346851 140.225
348120 662
348161 275.225
348721 662
348934 248.985
349393 138.556
349446 470.681
350208 662
350907 170.247
351584 87.8906
351764 662
351772 662
351853 437.542
352454 662
353286 39.7739
353539 662
354598 447.964
355416 232.366
355490 662
356179 81.0016
356750 662
356923 662
357641 326.037
358064 662
358344 273.352
358836 662
359892 662
360223 146.474
360359 662
360506 662
360994 142.606
361132 122.093
361977 62.0033
363207 395.59
363982 1.99511
364724 662
365474 662
365690 437.771
365959 662
365965 413.6
366676 662
366805 220.796
366963 662
368145 243.931
368372 662
369400 405.225
369460 662
369635 662
369937 238.904
369938 290.207
370069 662
370770 271.614
371578 229.162
371586 662
371608 662
372135 662
373002 393.597
375119 24.1706
375249 662
375658 69.7991
375784 662
375952 132.412
376373 662
376492 662
376825 662
376866 101.289
377159 662
377171 228.793
377196 662
377246 662
377292 241.401
377947 662
378261 423.785
378702 662
379338 395.808
379412 40.3128
379609 93.8887
379973 662
381264 662
381643 662
382475 397.092
383098 662
384599 77.1938
384903 662
384944 662
385163 300.744
385377 662
386353 115.094
386558 10.7515
387574 323.151
387790 450.443
387872 322.039
387966 112.964
388279 662
388287 662
388563 662
389661 171.454
389685 662
390088 662
391145 428.194
391529 420.295
391767 488.276
392215 281.291
392235 662
392632 662
393091 662
393355 50.8847
393767 662
394011 360.143
394357 662
394412 662
394858 194.124
394908 662
395145 662
395420 168.321
395457 404.583
395973 385.12
396171 662
396217 210.672
396895 662
397071 259.147
397076 445.594
397231 192.346
397267 662
397357 256.999
397950 282.111
398775 662
398794 662
398900 662
399580 432.21
400300 381.255
400681 503.39
401054 428.753
401334 44.5278
401617 662
401962 415.478
402059 364.95
402492 662
402784 662
402893 662
403520 662
404763 259.133
405347 50.685
406094 662
406801 226
407632 170.934
407706 662
408466 662
408522 362.975
409126 457.49
409464 260.015
409601 662
410057 419.691
410178 113.094
411017 662
411263 282.269
411352 662
412477 662
412751 341.265
413042 75.4546
413290 231.857
413349 113.042
413670 66.2443
414337 330.792
414594 662
416103 662
416879 106.335
416997 662
417743 122.311
418537 210.65
418635 662
419108 416.64
419534 662
420160 258.967
420607 169.174
420850 60.689
421322 346.961
421669 71.1902
422102 662
422254 662
422747 662
422894 395.023
422928 18.9821
424004 57.1934
424164 662
424632 662
424983 50.4135
425210 662
425273 178.145
425491 444.858
425693 214.073
426604 406
426606 70.2643
427444 456.582
427863 457.902
427895 437.671
428517 662
428628 283.826
428658 662
429510 191.734
429668 450.547
430261 662
430527 376.572
430855 662
431527 662
432200 8.30932
433736 281.461
434236 453.971
434483 377.826
435660 662
435785 443.143
435955 12.0668
435998 241.077
436992 662
437296 106.712
437773 662
438133 662
438266 662
438479 152.848
439153 266.694
439235 403.368
439759 395.204
439978 662
440261 662
440564 394.28
440846 291.627
441529 411.504
441724 213.747
442218 68.6459
442276 662
442634 662
443008 401.39
443976 115.18
444404 354.359
445289 662
445959 662
446670 662
447455 232.761
447472 662
448254 662
448441 662
448668 662
448687 662
449163 36.7638
449506 409.612
450021 662
450627 662
450649 385.763
452389 105.017
452433 662
452436 420.29
452532 188.661
454304 211.803
455088 288.566
455245 87.9845
455658 662
455708 662
457163 277.18
457230 455.929
457463 411.606
457584 662
458305 662
458412 662
459242 480.982
459563 662
460206 662
461264 375.548
461313 362.977
461403 662
462231 268.964
462855 25.5144
463586 662
464147 441.476
464500 136.92
464913 36.576
465159 469.282
465893 662
465983 226.612
466369 63.5787
466615 415.466
467033 435.281
467508 433.465
467652 662
467941 662
468188 442.91
469081 662
469808 218.727
469811 362.302
469859 99.0946
470438 662
470865 662
470929 662
470954 662
471107 662
471140 326.336
471529 478.007
472221 662
472391 251.775
472853 662
472956 662
473142 662
473462 662
473900 368.845
474802 93.8305
475231 662
475361 208.998
475365 352.888
475428 15.7014
475594 662
475964 315.392
476207 662
476396 662
476398 662
477106 32.9043
477131 411.7
477411 662
477962 365.782
478437 662
479173 73.5808
480073 345.415
480407 50.5143
482047 662
482119 19.3457
482941 662
483267 662
483599 662
483758 413.711
483964 117.487
484346 662
484425 193.831
484548 96.0245
485500 335.82
486177 662
486626 662
486961 76.8918
487906 37.2544
488126 73.0872
488172 181.801
489080 662
490112 435.323
490448 662
490932 662
491128 159.105
491275 420.536
491463 320.673
491505 662
491554 131.683
491621 299.168
492055 231.426
492345 327.471
492732 662
492848 383.785
493080 45.8158
493496 662
494096 662
494775 662
494800 662
495047 41.4057
495067 662
495468 662
495499 662
495759 662
496737 406.436
496875 662
497498 347.49
497840 40.1541
499267 147.158
501143 461.828
501625 214.593
501628 662
501684 662
502156 662
502692 662
503375 358.324
503605 450.485
504003 21.352
504482 118.819
504812 392.992
505106 662
505307 662
505342 394.689
505664 44.942
506580 313.829
506694 129.785
507054 435.448
507163 405.619
507312 662
507827 293.211
507906 457.255
507984 138.067
508477 238.299
509152 463.651
509332 662
509560 662
511022 662
511719 105.371
512170 662
512181 662
513492 662
513764 662
514100 662
514311 662
514772 285.369
515164 662
515902 285.284
516332 662
516554 662
516863 328.659
516993 172.235
518464 662
519428 662
521005 264.927
521059 369.524
521093 662
521543 216.526
521892 102.002
522038 45.9441
523072 263.557
523375 662
523473 662
523563 662
524229 662
525770 662
526501 662
527677 662
527859 461.62
527870 66.4241
528293 3.04578
528765 662
528876 662
529644 225.11
530015 297.495
530637 662
530928 662
531323 662
531386 245.775
531946 662
532343 396.483
532460 662
533065 164.315
533308 168.434
533878 662
533957 268.366
534809 662
535067 662
535126 49.2537
535172 23.4473
535258 662
535601 119.43
536011 233.409
536023 662
536957 93.5513
537293 298.057
537592 45.1868
537732 28.553
537913 455.95
537935 662
538689 662
538813 662
538899 106.935
539082 407.59
539649 662
539751 379.129
539818 662
541460 186.473
541477 474.24
541479 94.8642
541747 662
541788 96.6938
542691 662
542705 117.761
542906 341.342
543405 662
543799 662
543975 662
544446 450.869
545509 237.671
545535 200.045
545553 662
546237 219.379
547339 662
547379 224.002
547497 662
547873 229.421
547970 468.167
548089 662
548262 135.324
548808 53.5342
548817 662
548995 662
550289 418.148
550733 662
551396 339.926
551594 422.152
552556 662
552713 157.774
552733 662
553427 662
553575 210.09
554684 662
554802 458.916
554828 662
555464 471.278
555880 662
556122 114.522
556233 662
556882 662
557806 662
559728 662
560628 461.542
561322 437.855
562573 193.545
564652 662
565961 490.511
566362 662
566956 34.958
568402 662
568527 388.825
569187 662
569417 662
569581 75.6185
570428 307.455
570731 262.357
573229 336.441
573995 662
575896 46.2659
575899 202.468
576765 174.315
577851 461.557
578471 662
580077 175.82
580777 178.443
581409 662
581982 662
583990 662
585082 662
585492 192.275
585533 84.1406
586291 662
586649 57.5485
586690 441.196
588915 437.862
589146 425.811
589187 662
589696 62.1048
589752 87.4538
590709 145.908
590762 662
591051 662
591342 662
592123 662
592146 662
592210 662
592298 662
592451 201.535
592686 476.084
593099 662
593173 662
593421 326.916
593858 141.058
594089 662
594105 229.119
594579 662
594944 410.617
594951 662
595054 662
595431 662
595671 662
597031 65.8163
597048 662
597738 662
597871 662
598141 55.9789
598293 353.447
598486 17.8983
598794 472.959
598977 662
599112 22.0911
599558 662
599628 662
600075 662
600538 662
600745 121.731
601572 662
601898 662
601946 521.562
602001 662
602177 137.989
602695 317.6
602819 242.764
604060 418.54
604073 662
604736 274.133
605057 35.7806
605115 37.8544
605495 148.707
605672 340.021
605685 662
606013 176.614
606104 227.583
606281 410.078
606394 662
606447 662
606454 662
606540 662
607105 662
608192 236.064
608355 662
608474 78.2469
608935 662
609012 38.454
609573 662
610058 662
610132 662
610932 199.243
611012 198.081
611282 476.383
611494 662
611511 662
611708 82.9172
613927 662
614955 435.599
614969 266.16
615428 662
615658 662
615779 283.99
616923 662
617324 454.025
617384 66.9895
619249 662
619264 662
619469 662
622004 662
622555 142.439
622817 176.087
622851 266.172
623279 227.998
623528 263.725
624063 662
624654 348.196
624937 662
625075 173.098
625224 662
625510 160.541
625894 439.873
626124 415.343
626432 408.371
626546 662
627083 433.428
627388 253.028
628243 316.821
628337 662
628760 662
629002 16.674
629325 370.971
629759 264.8
630567 359.558
631071 313.334
631581 662
632076 662
632405 318.936
632885 270.062
633004 662
633034 662
633175 132.346
633529 662
633596 662
633859 304.009
633899 346.395
634533 662
634994 662
635151 207.358
635527 662
636004 662
636045 662
636136 662
636559 662
637950 33.3342
639376 662
640089 151.305
640607 150.038
640805 163.454
641088 426.212
641146 393.187
641309 7.29217
641333 177.256
641482 662
641696 208.894
642189 662
642256 366.74
642448 75.546
642585 329.416
642764 186.137
642991 334.092
644031 226.681
644370 188.179
645107 37.9271
645194 291.566
645511 199.478
645532 84.6846
645976 51.4273
646041 44.862
646260 456.092
646512 339.782
646848 407.889
647235 662
647974 192.069
648754 662
650504 29.096
650585 662
651024 176.175
651552 250.272
651747 662
651816 463.466
651955 232.947
652040 387.813
652388 393.03
652616 662
652897 29.3184
653380 662
653467 662
654338 662
656019 145.641
656361 662
656677 172.783
657231 24.3
657302 6.04175
657889 662
658531 372.653
658664 114.344
659064 662
659684 662
660022 308.702
660433 662
660654 352.921
660802 60.9898
660937 662
661669 662
662896 662
663389 292.843
663685 81.0738
663704 14.4421
664542 662
664664 455.022
665487 207.512
665706 662
665740 662
666011 662
667398 662
667879 662
667905 433.664
669124 293.541
670001 373.923
671337 178.315
671371 34.5522
672318 662
673475 228.182
673902 271.543
674509 327.483
674906 662
675044 123.258
675062 352.27
675758 662
676280 13.6341
676763 335.348
677650 662
677846 662
678317 66.4512
678965 404.636
679046 21.6694
679356 65.026
680005 74.4931
680775 337.122
681097 662
682005 662
682493 662
683896 662
685780 662
686402 662
686578 662
687245 186.874
687305 353.807
687565 662
688324 290.216
689450 662
689756 151.608
690488 309.359
690610 436.967
693585 662
693761 198.007
694045 382.664
694747 451.78
694863 662
694986 30.8246
695053 662
695168 662
695729 158.006
696162 465.577
696437 662
696959 662
697916 485.845
698037 662
698368 353.372
700311 662
700869 662
700998 356.113
701461 153.139
701691 662
701994 414.689
702524 198.77
702650 662
703420 662
703765 42.058
703783 662
704337 124.809
705089 26.4675
705485 662
705583 346.943
705841 278.1
706406 662
706795 662
706976 662
706979 662
707126 662
707168 239.89
708519 198.754
708578 662
709176 98.5355
709275 202.479
709692 662
710191 662
710199 662
711060 437.88
712242 662
712550 13.8714
713045 410.181
713121 386.351
713783 376.003
713878 243.564
714099 662
714195 662
714433 662
715173 511.49
716155 57.6603
716754 91.4763
717260 85.0857
717645 242.36
717727 328.62
718706 241.758
718818 662
718870 68.7229
718914 662
720616 662
720776 662
720858 662
721010 662
721013 662
721093 662
721122 475.364
721347 662
722028 315.361
722791 662
722962 408.845
723189 57.6848
724286 470.809
725258 662
725701 222.859
726071 662
727018 393.955
728676 277.847
729787 662
730540 662
731287 662
731292 323.531
731670 62.8081
732036 212.31
732945 198.474
733025 99.9032
733130 662
733242 31.1233
733734 662
734244 662
734484 312.932
734914 183.956
736179 346.101
736232 662
736994 662
737020 185.392
737615 362.055
737921 662
738204 662
738538 662
738596 398.969
739550 662
740573 662
741808 662
742259 533.762
742394 662
743126 662
743394 662
744016 175.03
744651 662
745025 662
745386 286.517
745467 60.6831
745774 662
745897 189.707
745960 161.476
746058 90.538
746416 662
746709 321.38
747247 44.0044
747326 311.756
748284 662
748358 89.6052
748586 196.832
748735 662
748909 662
749250 180.816
749634 402.635
749962 184.314
750058 359.675
750304 50.6189
750481 327.291
750665 185.125
750990 662
752059 420.364
752618 662
752756 298.354
753243 662
753954 662
754091 294.488
755177 662
755725 57.0434
756506 662
756861 662
757385 662
758346 662
758923 662
759159 251.349
759888 152.157
760253 662
760495 662
761885 57.036
762511 662
762692 662
762768 301.962
762962 662
763090 662
763401 662
763919 662
764012 9.60834
764056 338.32
764289 62.7779
765409 662
766211 56.189
766761 67.83
767157 444.594
767240 158.988
767544 471.231
768048 662
768075 662
768824 662
769156 183.696
769657 27.8605
769860 662
771013 416.524
771976 425.753
772117 322.439
773153 380.423
773276 433.149
773502 662
773663 662
774439 662
774612 662
774654 285.767
774984 662
775226 662
775386 662
775425 662
775792 662
776129 662
776336 62.1308
777672 402.572
777728 662
777855 662
779112 662
779122 432.362
779815 130.362
780034 662
781016 662
781085 211.625
781105 471.997
781563 51.5934
781861 219.493
782533 662
782551 473.296
782925 323.697
783009 177.225
783333 662
783355 376.624
783619 439.28
785043 201.837
785437 662
785741 662
786014 201.69
786506 662
786855 452.399
787471 10.3906
787795 266.378
788073 662
788214 160.921
788335 662
789267 662
789413 662
789614 447.349
789789 662
789912 662
790733 292.33
790784 338.201
790909 413.004
791960 662
792951 320.21
793203 109.204
793587 662
794178 662
794471 339.336
795133 154.847
795768 297.633
796067 662
797122 512.802
797217 662
797473 41.2824
797793 75.482
798588 343.424
798617 662
798936 662
799145 662
799320 215.217
799860 89.0903
799913 489.663
800666 276.263
800983 470.787
801238 329.495
802003 662
802217 662
802654 662
802714 662
803124 187.308
803283 662
803379 662
804907 397.085
805392 366.005
805508 662
805533 662
807817 662
808130 30.3334
809307 662
809373 662
809861 662
810313 662
811259 36.0673
812056 252.594
812161 245.128
812183 662
812341 662
812378 227.333
812411 95.179
812612 662
812827 277.693
813075 662
813571 662
813692 14.1096
814572 662
814885 129.604
815401 411.388
815594 73.7882
816849 139.931
818236 662
818486 662
819812 6.66543
819835 470.978
821000 662
821793 662
822650 662
823915 176.142
823959 662
824006 662
824024 404.818
824402 24.4944
824483 74.7422
824649 55.9205
825100 10.4663
826045 222.49
826139 161.065
826208 4.6894
826378 662
827018 662
827052 406.998
828602 662
828800 175.023
828928 629.763
829815 662
830444 662
830998 74.2581
831087 662
831189 662
831250 125.021
831491 398.874
831506 662
831566 62.1884
832253 662
833015 460.928
833075 662
833547 662
834036 662
834416 215.4
834683 208.469
836293 322.481
836702 662
837489 379.185
838196 662
838236 216.472
838680 662
839340 662
839705 16.0916
840694 454.394
841461 662
842176 662
842264 662
842692 662
842919 196.742
842929 316.065
842994 662
843286 662
843373 662
843443 137.123
844723 662
845665 458.474
846078 662
846138 662
846439 662
847225 662
847701 662
848619 75.3656
849859 662
850340 662
850856 147.973
851255 416.641
852336 397.093
852584 662
854233 29.3489
855222 662
855838 228.235
856153 439.15
856485 662
856640 196.499
856941 73.2706
856954 287.877
857154 7.69356
858650 662
858891 181.89
859386 662
862602 79.5155
863471 411.928
863614 157.04
864005 662
864279 662
864651 662
865604 63.5842
865708 662
866438 662
866764 662
866882 662
867656 461.062
868351 98.365
868683 662
869979 95.2496
870326 662
871735 458.644
871836 662
872242 662
872520 267.174
872697 275.927
872978 117.689
873320 200.034
873476 468.396
874051 152.056
874284 391.695
875857 361.374
875948 476.105
877407 353.481
878319 662
878766 395.035
879242 446.409
879704 662
879756 406.395
881301 662
881923 662
881970 662
882554 662
882881 662
883381 402.266
884028 662
884408 228.187
884460 127.451
884652 662
885102 126.336
885815 662
885964 662
886405 378.441
886413 662
887022 662
887364 662
888396 182.769
888608 662
890642 662
890871 417.779
891175 662
891266 662
891783 477.525
892077 290.089
892078 662
892595 439.184
892791 662
893108 662
894223 255.894
894309 357.589
894695 28.9017
895506 541.539
895664 662
895829 403.096
896140 412.626
896584 316.075
897386 393.144
897939 662
900445 662
900479 461.187
901061 662
901461 347.957
901598 171.63
901681 662
902799 440.081
903397 92.5124
903417 662
904210 662
904504 221.464
904595 662
904965 216.77
905063 140.801
905539 662
905663 18.4863
906067 662
906535 662
906642 409.992
908260 24.5317
909127 27.6807
909289 662
910277 222.965
911605 310.415
912067 147.308
912473 662
915530 662
915702 391.055
915951 319.525
916000 336.292
916205 662
917117 662
917972 348.964
918297 662
918881 48.5154
919881 662
919884 662
919978 311.734
920368 208.679
920605 389.53
920670 662
921761 662
921970 54.3071
922377 662
922429 114.807
922517 662
923025 662
923076 662
923484 459.599
924194 77.7617
924882 141.398
925020 352.727
925276 317.712
925929 662
927257 110.207
927268 73.771
927402 662
928118 101.283
928572 662
928874 337.636
929272 91.3999
929539 1.71124
931396 45.1757
933224 662
933246 662
933875 14.773
934612 662
934962 662
935748 441.824
935862 662
936209 392.548
937236 93.019
937493 283.109
937964 193.722
937979 662
938340 29.1929
938446 122.379
938922 266.41
939621 662
939989 197.333
940012 296.334
940272 662
940301 662
940497 260.595
940702 72.4952
940876 662
941262 662
941668 80.3644
943929 168.978
944021 18.8647
944236 325.018
944244 662
944313 305.156
945529 662
945745 177.64
946911 662
947507 272.597
947723 662
948865 408.153
950329 201.48
950470 95.3521
951529 662
952426 85.8803
952713 662
952876 319.594
952909 258.91
953478 246.525
953612 196.911
955214 662
955245 662
955594 64.688
955840 214.888
955958 662
956222 662
956350 662
956571 15.3361
956684 208.375
956867 150.471
957328 366.818
957340 444.194
957599 662
957858 13.3433
958152 432.993
958434 214.88
958845 287.706
959051 432.124
959477 662
960036 245.451
960257 384.229
960363 662
960872 662
961465 30.7825
961997 101.091
962011 662
963545 277.708
963677 63.887
964685 141.841
965240 175.774
966004 230.906
966042 368.597
966356 407.201
966433 662
966807 662
967078 44.559
968079 662
968212 662
968261 109.161
968397 662
968962 662
970775 662
970869 195.015
971557 122.849
972504 662
973356 243.236
974199 180.608
975277 329.156
975470 662
975657 662
975880 662
976533 216.342
976643 217.508
977118 662
977447 402.897
978944 117.321
979080 409.51
979755 119.814
981029 261.416
981820 662
982508 662
983146 441.153
983153 26.1801
983326 662
983642 662
983943 5.9845
984934 662
985915 662
986581 47.8827
988388 662
989157 662
989245 267.177
989551 114.885
989938 662
990089 236.323
990947 238.321
991255 419.777
991340 422.473
992172 662
992428 662
992431 222.519
993262 662
994048 479.931
994052 662
994059 662
994408 662
994971 662
995682 662
996374 56.8349
996490 662
996662 662
997837 662
998382 662
998669 489.36
999264 662
999331 31.0635
999692 662
999824 474.718
999833 662
