533 662
606 371.385
871 662
1013 412.735
1135 489.222
1139 662
1273 299.65
1398 662
1486 333.145
1629 662
1678 432.552
1913 662
2290 130.355
2373 265.963
2666 662
2867 297.266
3153 662
3542 138.105
3682 662
3766 662
3837 336.492
4743 522.673
4919 33.678
4929 662
4957 129.452
5178 15.0955
5570 84.0327
5578 662
5780 279.942
5786 257.598
6378 662
6520 662
6660 300.853
6750 662
6913 240.353
6931 149.15
7063 662
7120 22.9707
7169 662
7650 662
7885 662
7900 391.657
7956 662
8005 285.085
8894 481.684
9589 662
9701 662
9720 662
9792 662
10048 662
10461 137.715
10606 662
10642 662
10810 662
10885 334.218
11061 89.8072
11082 117.474
11165 344.782
11282 179.752
11491 259.706
11625 379.036
11800 389.721
11912 113.519
12050 662
12141 368.946
12573 424.647
12809 215.236
12817 101.837
13107 504.962
13208 662
13228 662
13900 662
13993 662
14769 396.86
15106 210.784
15470 662
15493 662
15655 662
15865 448.866
16121 198.137
16678 50.3326
16934 662
17424 157.528
17638 662
18000 662
18442 144.864
18691 82.2966
18777 14.5208
18811 282.575
18885 245.892
19149 200.997
19229 414.022
19395 662
19436 662
19594 128.171
19623 134.509
19714 480.974
19825 118.026
20068 662
20329 662
20440 662
20879 179.62
21054 59.6451
21179 662
21289 467.303
21388 418.198
21417 662
21467 131.161
21633 662
22723 92.3876
22956 662
23036 662
23083 114.635
23102 390.607
23737 64.3369
23810 306.425
23978 413.373
23984 26.1001
24246 461.394
24291 353.295
24544 390.152
24555 140.622
24959 338.752
25053 14.9553
25232 106.017
25391 662
25714 662
25767 662
25899 662
25998 312.997
26104 414.938
26134 662
26145 662
26242 77.7185
26355 436.363
26585 662
26679 662
27035 662
27160 662
27466 662
27496 433.585
27598 662
27635 52.6336
27788 349.62
27865 317.375
28142 76.7151
28169 662
28189 151.66
28207 263.45
28640 662
28902 448.617
28981 437.232
29473 662
29491 662
29557 383.297
29711 476.797
30055 447.437
30066 281.014
30129 431.276
30211 10.4354
30580 662
30593 203.447
30625 662
30751 662
30836 232.642
30838 662
31145 475.136
31305 662
31468 662
31754 139.125
32068 167.432
32094 28.6965
32403 179.808
32520 465.119
32938 329.844
33360 2.84275
33628 662
33705 662
33857 662
33939 181.038
34072 467.454
34089 404.192
34328 450.418
35150 662
35288 662
35761 662
35773 215.541
36253 662
36320 110.387
36399 662
36611 172.87
36642 662
36711 662
36796 414.356
36822 145.01
36977 306.56
37210 662
37281 261.407
37714 662
38221 188.088
38374 662
38472 143.971
38702 339.952
38850 469.55
39066 662
39138 366.467
39179 292.873
39445 662
39511 662
39631 662
39757 662
40389 323.039
40867 373.063
40953 454.844
41148 662
41523 250.167
41597 291.306
42021 391.88
42253 447.046
42289 7.0664
42295 251.981
43157 662
43235 107.883
43868 289.792
44781 430.021
44875 232.07
45176 129.177
45393 662
45415 662
45577 158.978
45704 394.592
45813 232.84
46024 390.635
46076 662
46131 71.577
46146 148.455
46555 144.382
46621 662
46723 662
46746 662
46756 662
47293 662
47431 662
47974 373.121
48089 504.085
48316 662
48560 311.665
48623 383.874
48733 165.665
48921 235.176
49211 662
49677 662
49823 56.5514
49894 662
50351 662
50652 230.151
51136 10.7324
51347 662
51716 662
51961 662
51986 269.261
52547 194.013
52795 662
52918 662
52967 80.7558
53000 662
53237 77.1023
53925 662
54028 662
54804 662
54951 662
55568 662
55968 244.411
56307 211.592
56664 662
56690 411.047
56706 662
56903 662
57007 172.729
57817 132.297
59269 662
59286 662
59489 72.1827
59809 13.7383
59926 108.844
60011 233.453
60524 662
60652 522.323
60689 111.825
60728 94.974
60788 662
61198 0.756247
61367 662
62066 61.4192
62621 662
62753 662
63160 662
63295 662
63490 321.526
63826 365.413
63864 212.097
64057 662
64259 662
64375 90.3495
64620 662
65191 662
65222 317.437
65494 63.8657
65519 662
65553 66.1477
65783 662
65845 662
65920 378.401
66114 372.949
66183 36.2502
66197 662
66261 662
66494 662
67351 662
67931 450.106
68087 252.109
68175 662
68536 662
68630 229.292
69123 662
69328 662
69447 197.422
69526 662
69625 361.241
69902 2.40621
70508 219.644
70702 203.343
70814 662
71154 662
71200 662
71314 662
71417 662
71449 662
71546 662
72109 662
72123 662
72130 662
72480 449.84
72861 662
73020 156.15
73270 662
73282 662
74022 280.295
74309 345.559
74554 662
74832 335.845
75368 47.3102
75841 662
75860 662
75992 447.271
76119 272.775
76333 134.471
76374 138.908
76928 323.501
76956 388.181
77363 185.625
77667 662
78065 318.311
78165 31.3445
78469 431.994
78487 662
78515 170.481
78552 662
78648 280.381
78722 389.377
78867 23.3621
79454 662
79468 662
79539 1.62254
79547 662
79655 662
79916 138.241
80192 450.053
80254 662
80263 35.0412
80738 132.099
80858 662
81013 662
81175 662
81228 662
81233 442.3
81431 476.704
81506 662
81740 95.5501
81936 662
82061 662
82418 662
82427 397.113
82522 350.416
82608 460.743
82636 662
82976 662
83166 147.306
83292 662
83389 219.985
83520 381.176
83525 662
83756 333.436
83950 662
84267 192.354
84356 254.939
84624 662
84744 662
84805 9.83736
85236 118.144
86060 179.811
86106 5.82401
86204 287.39
86423 662
86510 662
86611 662
86791 662
86818 443.409
86909 662
86926 321.587
87359 662
87383 662
87457 66.8789
87763 662
87955 662
88152 662
88164 662
88200 662
88337 662
89013 72.7438
89516 662
89708 385.284
89877 372.963
90469 101.147
90562 538.088
90595 662
90691 315.68
91305 138.237
91333 28.2222
91500 662
91828 43.7632
92122 662
92125 347.433
92320 662
92440 31.4785
93086 662
93746 451.891
93836 358.58
94142 662
94168 356.266
94284 41.6788
94586 275.198
94774 73.0888
94956 202.872
95171 662
95269 43.592
95541 396.302
95684 662
95723 203.297
96548 662
97376 662
97607 304.002
97905 662
97978 662
97986 662
98024 95.7479
98162 662
98420 662
98484 662
99253 352.659
99400 193.733
99773 662
100061 662
100634 144.826
100704 662
100712 58.3108
100986 103.86
101126 662
101128 210.985
101367 662
101427 662
101832 662
102187 662
102306 662
102635 415.316
103107 340.47
103408 662
103588 93.6488
103624 243.239
103814 662
103876 662
103886 313.352
103912 662
104509 168.771
104547 662
104753 340.682
105149 281.936
105457 480.347
105763 104.996
106691 432.799
107339 662
107401 662
107524 166.18
107641 662
107998 97.765
108128 662
108245 278.069
108267 56.6978
108301 662
108408 429.787
108519 393.001
108651 199.364
108746 449.481
109217 410.352
109961 662
110023 662
110324 486.993
110539 662
110692 279.932
110805 357.712
111122 272.578
111232 662
111372 466.375
111531 278.633
111843 221.937
112092 662
112214 662
112465 128.02
113320 180.771
113741 440.837
114310 366.005
114379 151.332
114719 226.954
114852 40.8012
115424 662
115437 49.625
115473 662
115780 111.652
115987 445.533
116091 662
116150 149.38
116199 275.882
116468 100.437
116528 469.928
116574 310.657
116904 91.6013
117530 662
117664 482.622
118135 662
118318 410.076
119465 206.081
119511 662
119583 470.895
119779 174.412
120003 662
120485 662
120635 662
120754 662
120908 215.85
121026 11.8043
121214 64.3642
121238 375.818
121562 3.09954
121729 662
121900 62.3396
122005 662
122408 135.154
122903 662
122971 662
123122 662
123152 256.712
123373 482.375
123498 448.789
123932 662
124512 199.533
124555 662
124731 662
124900 197.522
124941 39.8726
125239 662
125671 100.893
126007 263.239
126922 662
126928 662
127729 662
127798 138.365
127809 662
127812 273.969
128000 304.119
128337 662
128442 662
128634 451.645
129196 662
129466 44.7649
129826 662
130271 472.636
130483 279.551
130572 662
130650 662
130803 193.229
131142 31.9827
131320 240.222
131366 62.2691
131417 662
131645 662
131661 662
131753 662
132026 662
132505 393.876
132744 139.888
133370 277.165
133443 662
133666 662
133756 662
133942 662
133949 662
134065 384.271
134523 662
134854 186.438
134896 662
134963 662
135067 103.273
135164 662
135464 662
135764 99.5434
135896 429.235
135919 662
136164 61.5573
137203 662
137272 662
137311 662
137346 11.2035
137458 662
137711 514.872
137752 662
137962 45.7618
138132 662
138444 27.6114
138928 662
139129 662
139498 436.751
139931 662
140007 662
140074 443.92
140348 662
140387 662
140519 463.28
140661 662
140742 183.879
140779 662
140963 166.377
141253 662
141941 43.5501
141960 394.909
142025 468.668
142376 322.485
142542 662
143293 662
143336 482.758
143350 209.445
143403 382.295
143563 394.675
143969 372.705
143991 536.264
144134 662
144288 662
144335 652.718
144410 662
144855 27.8409
144925 662
145438 414.52
145462 266.043
145735 662
145752 662
145764 57.3107
145965 662
145968 662
146113 440.29
146207 58.5714
146435 293.84
146606 57.2526
146700 42.696
146844 275.538
146858 662
146926 192.491
147000 150.531
147282 113.151
147382 462.002
147663 37.8393
147863 662
148003 113.611
148531 10.6446
148537 662
148606 157.574
149046 131.184
149169 662
150510 662
150612 322.655
150637 388.746
151075 662
151320 662
151803 662
152038 60.5967
152330 139.533
152364 451.545
152946 463.329
153141 662
153411 662
153478 189.022
153572 204.944
153618 329.463
153997 662
155181 662
155464 66.6746
156451 140.653
156914 180.525
157383 662
157554 107.704
157641 662
157723 329.691
158040 192.809
158291 461.479
158407 30.5325
158680 51.9035
158752 383.061
158784 662
158862 313.336
159058 448.275
159068 466.907
159311 182.64
159509 424.512
159523 149.645
160004 78.679
160307 219.905
160646 202.301
160728 662
160922 186.559
161066 662
161268 182.804
161477 662
161523 200.069
161610 455.153
161988 662
162098 19.2719
162294 437.803
163360 662
163513 662
163667 662
163719 662
164467 252.89
164873 67.3606
165162 662
165203 165.434
165280 662
165401 662
165433 662
165476 662
165549 662
165683 662
165694 662
165903 270.453
166164 2.11265
167116 148.116
167229 662
167249 479.945
167268 475.681
167728 662
168114 96.6111
168226 203.528
168368 662
168411 662
169006 662
169277 199.274
169541 662
169577 334.056
169943 225.467
169968 662
170078 188.601
170143 142.99
170237 53.7964
170426 439.859
170756 428.812
170968 159.376
171190 662
171298 128.687
171828 141.147
172473 662
172586 662
172941 662
172992 662
173120 228.85
173210 662
173536 662
173617 662
174342 74.6673
174401 30.9436
174522 662
174536 662
174966 662
175334 175.247
175549 94.5831
175734 256.167
176384 158.103
176567 75.9968
176852 662
177184 662
177379 466.612
177809 662
177954 662
178012 48.1477
178200 463.292
178614 662
178668 61.8586
179124 662
179163 197.989
179205 384.47
179425 662
179993 50.7619
180316 368.746
180592 662
180904 223.851
181167 662
181652 288.242
181845 662
182254 662
182387 395.163
182744 662
183022 662
183225 662
183228 70.161
183388 662
183504 109.99
184574 146.386
184682 662
184758 35.2823
184810 155.997
185090 662
185166 389.554
185346 110.496
185434 489.583
185510 662
185719 215.229
185766 662
185863 156.717
185893 75.3034
186251 270.369
186356 404.844
186581 45.8688
186978 341.107
187652 361.573
187750 394.876
187874 312.146
188130 662
188155 220.739
188217 662
188240 170.482
189195 662
189276 662
189450 377.459
189508 662
190020 333.549
190212 346.606
190285 173.148
190294 662
190714 662
190779 422.581
190881 662
190990 662
191391 662
191481 662
191941 662
191946 338.401
191967 389.861
192087 49.0867
192149 456.25
192422 662
192625 404.199
193187 662
193370 662
193474 384.592
193574 662
193649 392.096
193685 662
193816 662
194082 350.216
194428 119.542
194495 316.561
195315 662
195964 662
195967 103.485
196108 662
196490 662
196579 662
196789 628.97
196813 359.251
196814 662
196840 662
197542 662
197798 662
198046 662
198154 271.314
198168 362.049
198190 662
198888 662
198891 662
199022 345.907
199371 662
199679 296.299
199690 440.274
199693 662
199992 328.672
200111 97.603
200934 662
200951 662
201454 317.906
201796 662
202133 315.96
202193 662
202221 472.948
202433 130.636
202571 94.1404
202680 167.32
202816 263.3
202850 266.978
202856 93.3506
202934 662
203237 83.4895
203422 662
203473 662
203529 662
203830 98.9485
203935 662
204119 430.455
204446 309.115
205138 256.274
205842 404.55
206335 662
206354 662
206470 662
206683 94.2406
206726 662
206832 58.1779
207066 129.852
207506 662
207685 662
207781 291.995
207802 171.188
207834 109.024
208621 662
208943 430.635
208945 245.28
209015 662
209455 147.954
209504 455.998
210037 662
210978 437.866
211031 662
211032 265.957
211110 303.623
211201 662
211384 440.85
211461 662
212155 236.496
212160 217.427
212170 662
212488 662
212504 662
212669 662
212747 662
212794 662
212865 552.678
212910 378.581
212940 662
213219 302.818
213252 662
213264 77.2291
213478 249.412
213540 662
213561 662
213917 662
214189 662
214550 662
215050 223.25
215058 662
215424 662
215508 662
215891 364.752
215956 662
216310 234.595
216378 662
216400 144.014
216545 217.158
216598 182.335
216986 429.118
217366 103.073
217568 662
217705 427.175
218122 662
218288 662
218504 497.672
218905 662
218998 464.71
219030 103.097
219263 662
219648 662
219710 662
220097 174.471
220140 662
220512 662
220595 342.876
221362 662
221407 322.838
221769 161.43
221773 92.6812
221810 662
222049 662
222173 24.3696
222265 339.17
222381 662
222414 662
222878 271.766
222947 61.3756
223077 193.192
223641 73.2101
223729 409.641
223925 662
224171 203.058
224172 34.1987
224361 662
224583 194.636
224660 234.494
224819 662
225028 333.317
225145 662
225494 662
225700 360.37
226089 662
226355 473.845
226623 115.659
226700 349.938
226885 235.142
226997 662
227024 359.466
227093 662
227363 662
227365 662
227595 194.358
228348 73.3058
228483 351.087
228962 662
229414 662
229626 450.702
229730 662
230355 74.665
230648 351.208
230704 130.953
231018 422.985
231105 662
231357 316.606
231426 662
231441 65.6541
231569 662
232030 662
232135 662
232215 662
232246 662
232361 326.246
232679 33.7664
233588 206.809
233865 662
234020 662
234231 662
234332 372.56
234334 662
234702 358.628
234790 662
234850 221.928
235022 662
235217 662
235287 404.183
235344 439.617
235536 662
235804 662
236073 240.682
236261 662
236318 662
236639 662
236662 662
237020 488.452
237085 294.959
237557 203.823
237884 662
237947 361.367
238030 368.085
238379 662
238395 111.95
238520 108.981
238711 31.7028
238931 346.243
239678 662
239696 319.624
239819 662
239853 662
240249 662
240254 61.06
240446 67.64
240662 142.032
240734 662
241435 274.963
241687 326.921
241722 352.286
241750 464.475
241802 662
242505 16.918
242638 662
243519 662
243524 410.281
243879 97.4389
243936 318.569
244198 316.144
244504 56.4526
244773 662
244920 72.5563
244961 448.595
245253 662
245334 662
245393 662
245453 662
246203 174.751
246252 662
246493 662
246724 172.271
246769 3.94544
247632 662
247678 662
248300 662
248434 662
249440 248.291
249993 662
250099 662
250253 662
250439 80.6221
250567 166.018
250582 407.87
250679 662
250716 662
250740 662
250835 134.116
250892 662
251119 35.3779
251300 197.821
251340 662
251554 662
251688 662
251715 356.233
251889 17.1477
252086 442.646
252379 662
252522 662
252570 662
253316 591.537
253823 125.361
254912 254.573
255054 25.9788
255397 161.155
255580 662
255613 381.404
255775 456.678
256363 662
256849 9.0793
257020 662
257302 662
257416 30.6369
257699 177.038
257763 662
258214 366.287
258343 24.7841
258692 662
258978 226.335
259000 401.264
259333 442.921
259529 662
259534 662
259748 189.349
259935 662
260187 662
260273 35.9677
260290 662
260319 662
260372 662
260464 662
260693 453.913
260756 662
260801 97.9863
260828 662
261559 662
261669 662
261690 8.18448
262095 662
262115 662
262247 662
262257 227.307
262308 662
262328 662
262447 265.211
262522 662
262807 662
263139 404.601
263888 243.926
264153 662
264280 662
264806 238.03
265057 662
265343 208.99
265361 662
265454 213.145
265854 390.56
266287 662
266578 662
266655 662
266755 189.489
266847 435.903
267194 662
267347 110.718
267466 88.8959
267689 340.481
268687 459.769
268785 662
268861 662
268872 662
269089 662
269308 662
269353 662
269354 662
269444 662
270176 442.794
270692 662
271457 491.271
271568 662
271698 662
272234 662
272253 662
272308 112.337
272531 304.501
272595 57.767
272630 43.5289
273017 662
273189 662
273570 662
273745 662
274078 260.284
274270 282.518
274633 662
275131 662
275359 151.497
275618 95.9105
275684 662
275901 262.302
276024 662
276151 385.773
276739 662
276940 662
276943 201.307
277040 662
277333 462.142
278167 662
278673 662
278742 232.568
278909 121.885
279474 215.977
279597 161.195
279727 396.15
279782 371.972
279831 302.205
280075 662
280105 662
280929 662
281074 425.81
281487 215.357
281702 141.844
282278 662
282627 178.503
282673 294.235
283013 662
283071 662
283289 187.005
283332 249.52
283452 298.42
283527 384.893
283642 662
284450 662
284473 296.491
284967 662
285098 363.133
285203 19.308
285214 240.23
285232 662
285416 372.471
285421 507.947
285489 662
285528 63.4002
285742 662
285932 335.965
286152 662
286157 662
286475 8.29041
286791 662
287260 156.397
287598 323.245
287647 662
287725 662
288375 662
288567 662
289427 662
289725 132.696
289860 128.834
290101 45.6861
290113 662
290629 662
290939 662
291091 662
291358 662
291460 662
291926 414.077
292066 662
293168 662
293432 392.88
293690 662
293784 286.546
293817 662
294331 184.383
295176 414.893
295744 50.326
295930 662
296177 662
296267 662
297250 662
297284 662
297427 662
297590 323.238
297681 439.03
297789 439.359
297864 153.932
297902 466.082
298049 317.996
298065 437.779
298365 662
298484 662
298597 662
298809 662
298823 662
298863 662
298992 662
299005 393.147
299170 662
299467 662
299517 662
300085 662
300404 662
300777 58.5801
300802 349.03
301306 396.361
301720 124.73
302638 662
302943 662
303622 245.974
304035 662
304134 282.77
304150 662
304567 199.598
304691 17.569
304796 662
304894 662
305334 368.049
305600 270.067
305676 662
305772 662
306114 662
306123 330.53
306262 400.251
306497 662
306560 662
306714 336.803
306765 662
306806 662
306850 380.299
307060 388.943
307383 662
307636 662
307986 79.8174
308276 226.934
310071 443.811
310490 662
310540 662
310602 418.006
310648 132.165
310922 662
310926 662
311178 85.0017
311236 662
311510 475.822
311516 453.193
311775 662
311851 662
312205 662
312626 662
312943 662
313054 662
313105 662
313434 662
313472 137.214
313573 329.684
314553 333.046
314563 25.6295
314849 473.063
315072 80.9348
315408 366.924
315421 662
315686 396.936
315840 662
315883 662
315963 662
316408 254.925
317067 259.77
317474 444.501
317736 364.503
317824 224.046
318483 127.314
318603 219.129
318616 662
319333 662
319409 430.464
319434 662
319587 662
319876 662
320027 301.253
320189 662
320230 292.051
320399 662
320525 276.783
320597 460.383
320666 133.279
320909 662
320935 662
321290 425.575
321353 79.8197
321476 459.794
321665 226.179
321718 662
321900 165.262
322047 63.5448
322179 464.768
322587 400.181
322906 662
322945 662
323039 93.6525
323081 662
323449 22.5827
323463 662
323744 442.619
324277 662
324293 662
324400 365.131
324713 429.006
324714 662
324858 179.643
324907 662
324913 662
325186 662
325230 440.22
325443 662
325513 662
325562 662
325864 662
326069 208.057
326413 159.977
326502 359.12
326687 662
327015 66.6342
327057 351.746
327404 450.12
328129 233.135
328436 451.249
328741 42.2165
328758 267.269
328809 464.917
328821 49.7943
329174 662
329227 662
329325 414.579
329380 33.1573
329395 198.821
329492 419.382
329570 207.266
329595 662
329796 30.3375
329875 480.968
329942 662
329977 662
330209 662
330351 103.892
330537 159.871
330680 373.081
330919 404.875
330969 662
331087 662
331441 374.137
331842 433.7
331945 423.659
332401 276.783
332432 456.366
332449 33.7892
332460 662
332537 483.863
332644 123.609
332696 377.301
332717 462.038
332897 409.913
333072 662
333093 662
333133 258.666
333183 40.7481
333286 413.898
333299 492.417
333462 327.873
333599 452.529
333900 34.4813
333944 662
333949 236.983
333976 210.129
333994 662
334167 662
334338 662
334612 73.676
334783 228.868
334965 100.184
335070 662
335085 662
335172 242.102
335220 237.152
335400 662
335499 383.15
335566 662
335572 662
336132 341.814
336151 481.576
336287 662
336339 55.2954
336391 662
336571 88.6942
337041 662
337113 662
337167 662
337313 88.8102
337589 662
337615 662
337800 395.869
337847 662
337968 399.997
338429 662
338431 102.183
338755 464.576
338865 662
339104 0.825992
339176 111.761
339268 662
339504 467.485
339550 462.157
339708 662
339771 662
339978 417.178
340196 94.5694
340211 257.151
340676 662
340723 472.5
340801 662
341429 350.438
341554 78.9274
341726 192.483
341740 416.153
341980 662
342071 104.328
342492 662
342774 92.7609
343004 480.97
343017 403.98
343042 662
343464 405.248
343670 392.749
343917 662
344058 662
344062 662
344122 270.568
344232 433.903
344937 662
345061 317.066
345121 262.417
345616 10.0585
345794 57.8007
345867 4.60329
345919 392.436
345932 292.188
345996 386.56
346079 67.0337
346124 662
346135 662
346238 445.294
346715 254.569
347275 283.424
347356 662
347366 662
347439 662
347580 662
347830 354.264
347890 662
347962 353.859
348037 662
348292 361.685
348310 662
348516 662
348724 181.364
348742 17.0465
348818 77.6264
348957 662
349226 662
349314 662
349467 385.662
349692 505.064
350347 37.6029
350348 57.4825
350391 456.515
350610 662
350681 662
351005 428.097
351137 662
351146 386.311
351519 315.338
351664 662
351944 662
351978 36.6157
352201 662
352316 195.646
352614 281.582
352857 662
352872 341.027
353082 94.056
353121 662
353711 333.699
353825 116.425
353944 266.832
354178 231.431
354290 237.066
354369 425.465
354733 662
355060 662
355226 662
355516 398.257
355541 95.88
355663 400.623
355716 662
356286 187.604
356430 64.7448
356612 662
356807 194.385
357016 662
357292 662
357624 662
357958 662
358107 409.272
358491 662
358649 347.603
358663 662
359006 662
359034 443.907
359043 662
359079 54.8985
359286 662
359382 60.5638
359431 662
359653 662
359769 662
360415 398.909
360512 278.514
361147 436.241
361395 74.9598
362133 662
362164 243.644
362180 662
362740 662
362851 662
362936 662
363367 100.609
363389 35.3849
363444 662
363722 261.418
363727 206.108
363757 662
363776 197.35
364277 662
364446 662
364552 662
364687 374.856
365146 662
365316 662
365322 264.312
365700 662
365792 662
365901 274.993
366120 662
366159 662
366424 662
366775 662
366795 416.305
366897 662
366973 662
367046 148.238
367062 213.937
367199 96.039
367441 18.2822
367597 211.808
367675 453.62
368302 477.159
368439 318.297
368940 223.475
368956 177.987
368966 450.405
369106 628.981
369149 122.243
369233 269.433
369859 434.634
370165 662
370194 322.909
370480 662
370899 662
370901 662
371530 245.884
371580 662
371988 662
372122 99.761
372242 662
372351 662
372382 290.047
372511 228.116
373570 662
373639 152.895
374229 75.7375
374234 109.505
374594 415.412
374835 42.7752
374842 324.462
375156 194.914
375184 478.168
375607 11.0658
375868 229.573
376097 303.322
376602 13.0163
376631 85.6572
376698 662
376950 235.147
377070 662
377075 662
377118 662
377185 125.316
377383 662
377415 38.3291
377560 662
377738 662
378075 175.253
378284 5.92702
378418 276.601
379021 46.7265
379759 178.108
379830 662
380056 213.297
380085 244.828
380781 662
380855 462.593
381119 662
381468 126.621
381479 153.109
381710 37.7952
381743 662
381769 400.007
381931 662
381977 70.7802
382356 465.465
382983 662
382995 662
383112 662
383812 200.457
384119 40.4651
384160 403.86
384181 662
384260 662
384317 415.686
384488 662
384673 662
384726 83.0087
384827 388.372
384924 662
385333 662
385588 662
386072 662
386121 159.259
386205 662
386474 662
386626 25.6547
386985 211.241
387142 425.53
387184 461.208
387580 237.305
387862 438.71
387960 307.104
388130 662
388163 93.5958
388172 662
388201 662
388301 662
388577 99.9194
388667 662
388791 465.422
389094 662
389168 662
389360 311.978
389442 84.7866
389497 662
389501 662
389551 416.489
389825 24.4051
389861 662
390013 662
390987 184.848
391557 662
391586 662
391960 662
392200 662
392366 456.574
392725 257.181
393338 143.645
393565 662
393825 662
393882 188.357
393988 662
395406 662
395626 298.29
395654 255.506
395866 304.555
395908 662
395961 662
396023 51.3349
396084 662
396103 51.0576
396274 112.033
396455 302.53
396683 249.516
396727 662
397051 662
397074 662
397402 662
397799 479.275
398150 662
398222 429.124
398263 662
398574 662
398612 387.379
398744 417.046
399106 488.308
399175 662
399723 662
400083 335.253
400372 81.5994
400758 662
400909 662
401174 48.6821
401710 153.679
401809 175.887
401866 662
402026 662
402221 662
402292 662
402591 662
402734 662
402803 662
402809 662
402812 218.622
403046 662
403612 23.3248
403785 662
404061 463.694
404373 222.172
404557 662
404953 315.694
405017 662
405288 662
406050 232.179
406060 662
406158 381.603
406221 162.533
406315 265.587
406337 662
406435 662
406557 55.7516
406630 93.0638
406833 44.6923
407211 662
407293 374.641
407365 258.573
407895 662
408323 662
408326 50.5686
408458 171.937
408525 354.248
408573 314.414
408638 343.39
409359 662
409558 662
409665 662
409669 158.286
409730 662
409746 662
410030 662
410501 662
410569 662
410751 662
410752 662
411075 662
411191 82.2464
411609 662
411707 662
412101 214.275
412431 380.064
412494 401.453
412982 443.134
412985 662
413430 662
413482 662
413923 662
414319 402.31
414388 33.4551
414529 469.693
414841 167.69
415108 310.956
415700 662
416214 214.379
416473 662
416999 101.232
417383 253.241
417573 662
417654 72.933
417805 662
417900 540.312
418313 662
418366 61.9064
418548 662
418798 662
418899 662
418961 662
419251 662
419449 662
420267 475.567
420392 20.6261
420533 8.95945
420814 150.001
421055 471.673
421057 662
421065 115.177
421083 180.575
421087 441.246
421089 489.17
421095 78.2424
421115 473.487
421269 316.201
421364 428.828
421697 177.862
421979 662
422064 662
422066 201.323
422137 343.565
422372 662
422599 151.399
422674 662
422781 662
422898 662
422937 662
423173 127.711
423394 78.9447
423665 55.6951
423667 59.4637
423681 380.778
424194 662
424562 662
424691 662
424757 662
425068 174.987
425225 662
425317 662
426187 272.078
426356 32.1985
426473 662
426717 349.618
427339 662
427526 662
428194 662
428195 662
428911 400.985
428958 662
429056 662
429182 390.323
429274 662
429531 208.307
429694 662
429780 662
429917 431.693
429931 26.0755
430143 662
430467 229.751
430721 662
430791 259.801
431279 662
431716 662
431993 662
432179 233.047
432574 662
432765 2.67243
433089 169.948
433194 473.587
433419 662
433534 662
433638 65.6972
433762 662
433892 482.609
434377 662
434467 662
434667 409.078
434950 662
436048 72.7841
436153 406.167
436356 399.537
436457 662
436868 662
436968 662
437253 354.576
437434 173.392
437757 78.6722
438561 662
438661 662
438743 662
439727 475.136
439786 92.9635
440457 418.614
440605 195.036
440875 662
440895 662
440979 662
441401 662
441506 134.948
441679 662
442046 245.19
442097 662
442152 662
442233 375.024
442713 26.7227
442900 662
443155 360.253
443390 242.887
443525 662
443606 206.404
444469 662
444638 43.0385
445155 457.811
445184 390.002
445201 87.679
445254 662
445487 26.4503
445524 662
446316 93.6629
446676 441.58
447062 270.765
447169 662
447543 178.256
448294 408.159
448319 662
448797 177.357
448993 142.544
450558 662
450726 132.439
451165 398.131
451362 662
451526 36.9558
451670 662
451797 658.458
452367 340.653
452430 662
452467 662
452890 362.52
453243 662
453318 662
453353 662
454126 662
454392 662
454485 403.769
454649 662
454918 468.422
455011 453.824
455672 662
455764 662
455775 662
456066 420.313
456499 662
456722 662
457046 35.2027
457238 662
457377 480.224
457547 440.392
457976 662
458812 662
458870 662
460136 396.681
460745 662
460900 313.911
461096 66.8086
461113 80.7955
461219 59.2825
461363 662
461430 662
461785 662
461900 662
462250 131.809
462276 328.71
462618 662
462737 662
463117 662
463391 451.711
463449 662
463457 662
463829 662
464024 662
464884 120.606
464918 157.826
464992 91.6484
465316 342.974
465459 408.792
465600 662
465673 662
465730 662
465743 154.694
465846 662
465850 420.764
466188 7.7372
466770 536.668
466998 399.884
467261 32
467332 662
467474 662
467787 662
467796 443.472
468045 662
468155 164.295
468452 91.3284
469075 662
469403 415.975
469600 662
469836 391.536
469937 662
470325 230.742
470850 662
470940 662
471013 333.986
471091 662
471440 662
471790 432.855
471850 42.0441
471876 662
472185 207.31
472287 662
472602 396.009
473091 210.083
473260 662
473348 662
473393 185.506
474103 662
474698 662
474754 662
474834 662
474917 662
474926 662
475017 662
475040 662
475077 662
475480 662
475686 380.74
476199 164.457
476217 434.041
476302 183.996
476523 373.778
476810 662
477469 334.334
477532 662
478224 662
478408 662
478441 372.805
478812 148.529
479051 363.751
479110 511.514
479324 174.632
479732 662
479769 362.46
479972 662
480540 100.406
480637 270.777
480801 662
480999 662
481025 662
481114 161.79
481367 662
481486 662
481526 662
481550 488.997
481872 120.94
482002 340.952
482263 35.6079
482448 410.547
482465 277.383
482569 429.881
482590 662
483192 160.866
483202 662
483700 314.093
483990 408.831
484148 261.614
484196 662
484337 263.676
484690 662
485119 662
485408 70.373
485652 43.9053
485740 662
485833 28.4426
486187 346.145
486490 18.6393
486519 662
486694 53.427
486806 403.564
486954 662
487095 662
487744 226.245
488664 662
488698 300.242
488738 122.871
489558 364.823
489644 662
489818 662
489950 129.581
490153 108.47
490245 376.146
490362 662
490774 302.67
490888 662
490950 662
491136 662
491208 91.3372
491640 662
491835 469.814
492264 662
492618 449.356
493049 331.654
493222 662
493377 662
493412 377.363
493529 410.52
493575 46.612
493715 162.949
493973 460.675
494005 264.516
494203 662
494365 359.232
494372 156.838
495439 662
495630 472.561
496035 662
496414 257.548
496631 662
497210 662
497406 662
497437 411.823
498142 662
498258 662
498278 662
498562 662
498795 662
499029 662
499045 662
499129 662
499229 662
499646 275.452
499721 159.193
499732 86.0825
499995 662
500089 662
500368 372.2
500593 662
500610 218.955
500770 346.915
501251 11.0109
501579 212.961
501697 662
501811 662
501849 662
502234 662
502276 189.37
502729 662
503239 295.933
503321 415.771
503396 662
503532 257.693
503610 662
503962 125.715
504027 662
504281 662
504522 250.95
504846 662
504931 209.498
504973 270.386
504983 466.484
505043 662
505470 662
505575 45.3998
505684 662
505735 103.923
505879 37.5903
505890 662
505948 662
506073 662
506126 10.1427
506236 662
506253 332.342
506384 662
506505 20.0722
506575 121.386
506646 662
506664 662
506810 257.25
506830 662
506841 662
506950 434.492
506965 662
507100 662
507732 384.337
508346 662
508516 662
509095 662
509314 662
510075 252.249
510088 662
510242 662
510284 271.608
510975 662
511457 76.277
511515 662
511526 662
511721 662
511732 105.324
511794 282.878
512031 662
512093 419.377
512382 228.515
512435 413.097
512923 662
512999 662
513024 387.98
513060 263.655
513137 662
513340 170.06
513569 662
513610 107.398
513695 231.448
513988 80.0282
514337 345.754
514379 662
514716 662
515054 662
515260 662
515389 662
515402 662
515587 189.726
515770 255.498
515924 52.1524
516526 662
516564 312.357
516600 47.5095
517156 332.745
517375 468.257
517515 102.024
517597 662
517893 662
518054 662
518110 662
518256 662
518749 325.217
518848 101.891
519448 190.015
519669 662
520096 450.7
520204 379.661
520369 6.43251
520453 432.14
520507 348.129
520564 364.149
520743 662
521251 662
521410 106.934
522115 259.681
522277 8.49676
522314 662
522592 662
522639 662
522705 662
523181 662
523357 662
523689 284.678
523696 662
523864 324.87
523878 583.658
524286 256.288
524555 662
524598 662
525229 25.2748
525478 87.3715
526117 133.794
526240 662
526334 247.817
526691 662
527189 312.231
527258 354.492
527351 23.1443
527397 303.721
527474 662
527578 662
528033 421.349
528093 325.999
528386 237.177
528898 662
528988 662
529442 368.354
529857 341.831
530345 662
530541 662
530554 662
530591 662
530660 662
530736 204.714
530909 662
531134 662
531382 156.651
531446 662
531559 3.09973
531592 662
531758 348.254
532210 198.596
532384 73.7447
533385 213.752
533502 662
533509 224.518
533527 662
534053 379.259
534883 138.729
534936 419.035
535550 662
535644 64.9062
535651 108.425
535924 323.016
536161 662
536423 116.503
536919 222.338
537051 287.547
537189 191.595
537282 662
537668 662
537948 51.9395
538055 190.809
538162 55.7332
538551 91.9958
538560 39.3126
539493 662
539534 187.3
539900 450.625
539950 330.196
540067 407.997
540189 662
540252 662
540532 94.9923
540542 376.203
540580 662
541346 662
541696 200.887
541762 263.331
541908 662
541924 397.004
541970 662
542039 662
542152 206.503
542419 662
542566 662
542949 662
543053 662
543185 662
543198 662
543232 662
543763 662
543804 100.119
543818 662
543898 178.519
544285 25.5194
544461 310.632
544484 107.955
544799 293.338
545291 662
545296 662
545860 199.968
546044 662
547027 662
547215 662
548110 662
548795 662
548859 662
549431 441.228
549584 135.568
549839 192.248
549878 294.611
550258 264.414
550273 94.2835
550291 662
550544 662
550927 17.9604
551075 177.98
551137 255.467
551528 662
551608 361.761
551866 662
552158 161.836
552190 662
552290 158.193
552377 662
552754 662
553014 276.75
553019 410.83
553747 662
553937 662
554433 185.97
554827 164.734
555151 125.862
555244 58.926
555337 1.48023
555609 290.575
555921 86.4791
556208 451.396
556323 662
556611 347.947
556861 175.37
557175 470.849
557211 662
557293 152.654
557474 662
557665 662
557741 80.8653
557898 662
558180 175.041
558391 464.218
558502 662
558709 662
559046 662
559061 479.14
559099 252.664
559753 662
560592 662
561770 662
562003 474.529
562454 662
562573 473.844
562959 181.131
562998 662
563055 50.4772
563124 662
563356 662
563447 662
563698 662
563725 390.271
563810 137.495
563843 249.07
563872 129.2
564567 274.22
564641 165.01
564903 662
565219 449.649
565395 662
565422 662
565734 377.606
566086 380.896
566195 317.998
566753 662
566834 662
567021 468.742
567395 515.115
567446 662
567598 662
567624 419.671
567695 662
568134 662
568599 43.2623
568815 111.083
569030 97.1282
569149 123.664
569177 662
569387 387.479
569843 313.738
569929 243.887
569953 176.393
570113 662
570280 33.2702
570457 662
570690 662
570945 662
571239 662
571242 662
571822 662
572499 662
572642 662
573341 662
573469 662
573895 468.192
574068 445.946
574283 34.026
574619 662
575035 662
575145 312.093
575771 662
576048 306.572
576530 662
576570 249.737
576676 662
576832 227.684
576994 662
577727 662
577813 662
577819 251.236
578119 345.039
578143 469.292
578147 97.8077
578163 662
578661 139.933
578951 662
579027 99.6121
579275 662
579281 427.062
579378 254.333
579607 662
579634 662
579743 59.495
580133 149.575
580529 662
581234 405.344
581400 662
581483 160.525
581506 662
581774 224.493
582047 153.11
582227 662
582252 204.973
582506 662
582805 662
582905 662
583244 339.179
583816 662
583874 205.238
583975 137.41
584091 662
584139 427.333
584153 383.654
584202 220.949
584213 662
584431 45.3708
584616 662
584654 662
584670 103.796
584753 205.656
585111 437.938
585135 155.108
585362 662
585467 180.112
585566 662
585743 440.087
585989 283.928
586407 662
586492 25.188
586508 662
586584 662
587116 469.128
587334 48.93
587524 662
588035 662
588101 298.487
588177 190.431
588209 52.7573
588504 662
588915 236.331
589777 141.191
589857 662
589931 64.6038
589938 662
590008 345.144
590045 662
590145 81.8396
590178 243.535
590301 316.896
590358 317.012
590699 311.263
590701 662
591507 445.321
591586 396.41
591619 662
591779 404.456
591952 662
592226 662
592510 662
592675 662
593298 383.633
593771 662
594007 662
594175 61.0783
594447 662
594749 49.2506
594794 662
594895 662
595619 662
595852 419.875
595897 662
596527 662
597219 662
597292 369.585
597735 662
598073 662
598562 662
598642 662
598792 136.504
598982 76.8079
599022 270.59
599258 662
599549 256.841
599734 662
600589 208.36
600643 662
601228 165.512
601404 662
601422 662
601458 455.227
601707 329.618
601730 181.28
602180 354.066
602426 662
602608 407.053
602756 662
603006 79.2685
603354 463.661
603530 387.142
603617 662
603848 662
603917 662
603960 244.937
603973 662
604368 0.988051
604474 662
604585 330.233
604712 662
604931 662
604984 662
605068 58.3062
605166 60.6982
605388 662
605475 434.68
605663 662
605686 465.317
605825 662
605993 474.552
605999 217.501
606030 662
606353 283.472
606968 354.8
607341 662
607505 662
607536 5.83267
607563 662
607751 369.815
607940 267.053
608065 662
608090 172.459
608144 662
608378 118.014
608727 52.3827
608933 662
609055 662
609251 662
609300 662
609560 662
609691 308.293
609724 662
609814 140.44
609933 662
610029 662
610159 44.8964
610491 662
610674 662
610777 662
611386 662
611772 662
611871 662
611895 662
612030 662
612241 662
612266 424.766
612399 63.7571
612524 468.525
612587 662
613090 662
613177 71.6634
613823 662
613972 662
614009 662
614032 662
614619 662
615553 410.002
615792 357.895
616049 662
616380 662
616874 173.412
616894 471.763
617316 662
617366 662
617372 662
617375 662
617586 58.3435
618418 411.388
618468 239.66
618888 267.09
619098 138.376
619118 662
619153 662
619848 381.657
620408 662
620709 662
620727 80.5142
621000 662
622292 662
622586 208.469
622668 218
622684 322.138
622812 59.3114
623053 141.859
623394 353.968
623726 270.546
623744 662
623845 52.3278
624101 105.342
624135 662
624760 77.6817
625048 66.8796
625174 317.944
625951 416.879
626070 662
626228 185.467
626388 208.422
626400 662
626423 662
626712 471.804
626720 284.631
627047 662
627565 241.548
627589 662
627654 662
627880 103.621
627912 435.492
627943 39.5448
628001 221.883
628052 662
628398 367.737
628429 131.492
628478 178.277
628576 393.375
628794 662
629178 456.005
629438 662
629877 173.695
629951 662
630761 131.979
630858 559.395
630927 662
631110 662
631155 270.251
631570 662
631584 662
631708 261.433
631810 243.872
632084 662
632348 416.771
632803 166.532
633148 662
634258 154.447
634464 662
634561 237.533
634753 265.595
635074 662
635095 662
635284 427.819
635401 662
635443 662
636154 662
636349 308.638
636395 662
636513 662
636949 185.366
637095 215.258
637627 662
637645 662
637688 662
637701 92.9413
637731 205.335
637797 150.489
637813 662
638454 662
638709 662
639094 143.296
639694 15.9691
639820 662
639897 42.0326
640134 662
640804 662
641042 40.0231
641227 662
642232 280.583
642353 662
642385 194.849
643001 112.128
643523 329.75
643732 126.239
644263 662
644347 388.404
644460 662
644769 662
644907 662
644987 249.843
645165 311.326
645261 26.0404
645942 215.4
646026 662
646127 367.936
646197 662
646227 662
646398 381.925
646443 662
646540 662
646646 445.646
646715 662
646818 303.049
647091 137.56
647462 662
647882 263.902
648247 358.833
648306 662
648548 22.8043
648550 662
648772 53.8733
648799 662
648843 662
649135 11.9145
649147 217.941
649298 662
650280 662
650286 67.816
650366 258.499
650469 376.015
650482 662
650591 362.05
650936 351.532
651434 368.916
651435 662
651466 662
651755 248.787
651955 12.3843
652273 320.315
652810 333.989
652846 196.155
652961 411.7
653046 662
653222 662
653377 356.013
653386 662
653470 318.656
653552 662
653578 662
653579 297.438
653711 662
653944 662
654291 662
654460 662
654568 234.227
654576 432.003
654686 662
654837 662
655063 304.837
655086 662
655651 481.258
655752 662
656112 90.9497
656288 303.787
656674 662
656995 662
657060 230.457
657294 662
657349 662
657651 662
657693 662
657937 475.821
658266 238.385
658547 662
658861 662
659168 662
659305 52.4879
659390 216.755
660342 457.265
660383 303.935
660591 662
660601 438.167
662385 662
662694 662
662832 662
662929 662
663121 473.038
663245 662
663308 662
663868 473.438
664044 662
664089 180.509
664454 662
664524 662
664593 330.853
664704 52.4676
664782 263.354
664945 662
665284 138.647
665374 144.186
665947 662
666227 416.476
666385 134.167
666404 393.905
666586 477.958
666721 431.753
667047 662
667143 662
667177 662
667196 189.092
667229 179.062
667566 236.911
667643 444.699
667742 15.6183
667806 90.2435
667916 92.051
668223 308.948
668364 662
668418 662
668763 662
668815 662
668919 28.5545
669052 662
669134 662
669376 118.056
669791 662
669978 662
670019 0.553473
670020 662
670185 85.038
670466 14.2636
670517 139.972
670574 181.011
671284 662
671373 117.093
671461 399.89
671577 662
671586 495.011
671999 379.772
672387 233.286
672624 662
672670 418.1
672683 662
672963 662
673231 662
673375 662
673518 262.059
673966 662
674647 662
674660 662
675096 662
675104 245.254
675302 280.678
675423 473.148
675784 662
675968 453.053
676029 123.88
676141 235.116
676182 29.2786
676201 662
676536 43.464
676649 320.349
676750 207.187
676751 662
676787 662
676907 662
677210 70.072
677511 267.06
677733 662
677833 262.652
678196 351.199
678520 662
678580 14.5987
678699 662
678814 90.7392
678886 662
679339 245.008
679362 662
679895 72.1746
680126 662
680252 662
680278 36.1811
680376 662
680835 410.876
680905 134.795
681969 662
682125 4.9637
682206 9.11384
682619 662
682666 267.209
682725 662
682806 662
682893 662
683002 443.41
683086 255.809
683124 662
683356 380.663
683407 366.357
683493 129.176
683791 401.072
683849 662
684224 129.63
684317 662
684657 438.721
684880 178.342
685287 413.918
685324 317.915
685489 662
685493 662
685667 662
686198 147.903
686462 662
686656 422.698
686759 662
686904 662
687187 662
687264 662
687519 433.855
687598 662
687686 23.6437
688177 449.461
688225 30.8386
688291 662
688498 229.366
688566 368.452
688762 662
688827 483.047
688872 662
689380 127.035
689580 662
689745 410.92
689915 15.4684
690017 305.184
690187 185.63
690207 89.8684
690682 110.098
690747 43.0864
690980 130.417
691262 662
691492 213.348
691567 23.1337
691772 131.02
691968 192.632
692020 662
692493 340.301
692530 662
692630 662
693158 69.4438
693290 662
693401 662
693417 447.656
693672 662
693746 662
693776 255.011
693840 244.392
694122 167.435
694210 410.353
694286 45.5816
694414 662
694540 662
694869 662
695075 662
695082 23.3453
695164 662
695713 662
695971 282.71
696025 393.336
696031 662
696437 662
696496 662
696880 150.72
697292 371.415
697674 453.104
697745 418.851
697821 463.813
698203 299.271
698395 113.141
698928 441.711
699009 662
699268 662
699650 662
699754 77.5253
699862 662
699881 662
700280 662
700296 226.645
700990 93.3402
701958 11.4346
702073 423.641
702123 662
702175 662
702813 662
702947 662
703345 662
703401 662
703585 662
703857 662
704056 662
704109 662
704301 662
704432 662
704742 662
704969 662
705066 14.904
705408 662
705424 662
705701 30.7081
705874 47.3382
705894 445.141
706286 662
706385 22.7004
706705 662
707283 662
707345 108.336
707439 662
707547 392.091
707832 284.238
707845 74.7137
707871 662
707953 662
708301 417.506
708401 662
708542 662
708872 313.152
709198 662
709245 350.816
709464 662
709586 662
709707 395.259
709803 662
710022 221.027
710418 662
710607 127.39
710811 34.5625
710919 223.842
710976 555.926
711300 32.5063
711824 662
712195 662
712439 662
712513 662
712640 662
712708 393.341
713656 662
713710 132.832
713895 430.373
713956 376.29
714088 662
714097 662
714225 662
714458 97.9509
715075 662
715324 44.4443
715492 662
715535 662
715691 662
715728 662
715841 662
715990 382.182
716276 462.552
716605 662
716928 179.208
717179 662
717284 367.851
717434 662
717683 143.313
717706 662
717910 662
718417 176.526
718479 662
718538 450.09
718654 662
718786 323.944
719015 662
719865 662
719879 149.196
720071 662
720275 662
720291 143.623
720367 662
720988 361.965
721171 361.924
721254 303.252
721260 85.477
721548 662
721625 662
721819 223.412
721967 662
722367 662
723054 662
723122 662
723214 48.6919
723270 662
723406 58.4868
723487 662
723666 662
723704 221.651
723865 662
723894 280.003
723964 221.236
724075 662
724157 314.958
724301 230.041
724370 662
724474 662
724768 662
724778 104.238
724843 476.583
724866 662
725090 294.479
725153 662
725214 24.6953
725608 351.403
726092 341.275
726277 662
726320 312.866
726542 662
726953 148.782
727006 662
727072 366.158
727075 662
727111 124.721
727163 662
727293 662
727850 80.7122
728105 319.935
728289 317.02
728342 662
728417 662
728841 170.041
728961 662
728995 367.281
729177 662
729213 662
729963 662
730037 662
730249 662
730381 404.525
730685 57.1612
731080 662
731129 662
731166 662
731425 262.28
731662 403.982
731927 317.497
732012 662
732024 662
732172 396.742
732301 662
732965 296.265
733175 306.647
733673 662
733903 662
733918 662
734205 662
734231 662
734272 662
734446 371.053
734490 662
735503 662
735794 161.899
735824 662
735860 44.4858
735928 317.387
736380 460.167
736540 662
736557 662
736925 662
736939 662
737955 80.1833
738017 72.8216
738130 393.972
738158 662
738310 662
738320 351.973
738525 662
738637 409.578
739690 394.981
739956 350.378
740121 339.583
740600 107.497
740842 662
740931 662
741031 662
741113 356.578
741303 662
741321 228.695
741357 154.907
741592 662
741657 463.56
741761 197.816
741795 662
742862 662
742933 230.507
742999 417.756
743101 444.233
743284 175.999
743301 662
743482 146.515
744401 662
744572 453.492
744786 238.063
744815 369.663
744827 662
745189 662
745524 417.199
745554 662
745577 421.735
745653 14.2723
745667 662
745897 662
746038 662
746073 662
746233 511.058
746714 102.98
747204 313.961
747254 244.409
747293 413.147
747782 317.557
748052 662
748084 662
748200 662
748393 111.452
748481 662
748494 30.2245
748951 662
749534 72.6959
750259 223.767
750328 662
750401 662
750485 368.776
750576 2.95334
750734 225.68
750760 662
751028 662
751056 662
751161 378.766
751225 357.375
751317 378.579
751503 41.7151
751720 455.794
751777 662
751877 662
752051 50.0763
752166 433.457
752282 662
752362 662
752476 662
752696 662
752700 331.657
752976 662
753109 662
753244 662
753370 662
753541 152.88
753632 210.327
753963 469.409
754076 166.168
754163 662
754409 662
754447 662
754596 662
754839 662
755336 462.65
755496 385.304
755774 20.5874
755955 147.309
756029 261.814
756182 290.473
756840 276.477
757367 396.353
757413 405.69
757682 386.869
757785 149.248
757866 451.988
757897 662
758030 662
758242 35.1988
758262 662
758328 662
758509 68.7658
758686 662
758692 662
758716 239.446
758808 264.653
758905 662
758947 211.212
759588 662
759939 249.735
760193 662
760416 441.796
760567 662
760575 232.729
760603 258.034
760816 332.877
760885 662
761001 662
761267 662
761327 184.045
761361 110.468
761582 448.063
761867 27.7287
762502 662
763012 119.619
763039 662
763203 662
763213 28.5716
763386 662
763606 662
763621 662
763701 86.8282
763871 460.473
763998 662
764004 662
764526 132.491
764552 662
765131 662
765359 662
765409 662
765439 662
765564 285.555
765620 202.156
765734 348.614
766045 662
766369 473.563
766885 59.0166
767159 370.64
767308 388.409
767507 374.948
767725 662
767933 395.404
768041 662
768236 662
768264 485.716
768488 553.86
768602 662
768697 662
768908 386.132
768958 233.374
769097 662
769303 662
769484 488.972
769499 185.126
769504 662
769811 662
770186 368.782
770270 441.327
770292 662
770481 179.233
770568 662
770757 662
770772 275.224
771149 662
771154 233.252
771294 662
771414 210.367
771450 241.088
771463 662
771516 478.21
771832 146.031
771966 422.87
772232 662
772335 64.6678
772338 495.634
772450 201.974
772613 662
772681 662
772967 662
773012 662
773183 662
773633 228.177
773662 49.5393
773755 26.89
773938 662
774082 132.059
774254 65.7242
774319 662
774701 78.762
774871 218.167
775080 251.596
775172 61.1902
775211 662
775558 662
775947 662
776067 662
776456 373.394
776499 51.691
776576 662
776661 173.192
776766 204.068
776984 662
777008 662
777141 662
777210 662
777488 662
777552 662
777953 427.983
778143 338.424
778672 192.782
779060 97.8198
779250 662
779375 472.052
779616 662
779719 662
779884 662
779894 24.4947
780368 230.183
780468 132.43
780585 662
780664 303.797
780751 275.347
780931 662
780965 662
781645 473.523
781890 427.258
782145 662
782315 280.33
782516 662
782652 134.79
782709 266.012
782960 461.231
783000 168.392
783231 165.84
783477 662
783506 662
783570 436.339
783759 662
783878 662
784397 662
784491 386.144
785141 662
785175 662
785374 662
785404 1.82852
785818 399.632
785885 662
786431 169.225
786802 6.48844
786975 662
787054 257.783
787644 662
787979 396.469
788047 662
788217 662
788324 232.072
788414 662
788417 662
788724 88.939
789031 467.179
789095 38.7658
789481 169.57
789551 391.424
789774 196.947
789792 290.679
789985 89.861
790001 8.95045
790343 662
790534 662
790617 662
790638 662
790711 662
791309 662
791437 662
791487 662
791493 349.372
791620 662
791744 526.051
791808 39.9344
791833 171.776
791880 75.8332
792106 662
792476 50.1445
792565 291.471
792566 169.523
792828 662
793326 662
793902 662
794285 108.993
794423 662
794433 662
794481 463.695
794609 243.463
795012 662
795063 389.549
795760 140.644
795936 662
796177 326.425
796206 662
796303 156.629
796395 662
796938 45.2623
796996 381.036
797092 662
797692 301.568
797904 453.549
798226 217.961
798349 3.27344
798459 458.099
798467 662
799464 662
799797 23.6116
800020 662
800557 392.424
800560 201.723
800932 331.69
801051 461.422
801242 416.064
801265 662
801425 662
801534 34.8306
801561 341.624
802060 184.578
802244 662
802329 662
802562 662
802630 662
802818 662
803028 662
803891 354.195
804025 182.071
804046 662
804704 662
804897 257.353
805269 662
805498 167.42
805582 274.655
805624 662
805944 662
806140 662
806294 662
806705 222.224
806945 97.1473
806984 363.417
807264 662
808048 52.9277
808206 662
808258 305.407
808445 662
808472 662
808522 662
808619 662
809147 188.669
809203 662
809850 38.8327
809855 78.0664
809856 100.592
810032 114.035
810261 6.98364
810285 662
810394 662
810678 662
811049 214.278
811229 293.716
811231 463.618
811326 662
811564 662
811722 437.773
811751 191.245
811810 662
811841 662
811994 662
812597 662
812623 368.404
812652 662
813589 54.8258
813797 662
813888 33.1544
813950 68.1747
814033 259.378
814313 188.47
814460 27.7926
814477 662
814587 662
814824 423.742
815053 662
815393 60.0193
815485 662
815584 662
815636 662
815780 662
815820 662
815904 19.9651
816121 662
817013 457.371
817168 662
817283 662
817352 2.85269
817577 414.13
817846 662
817866 208.244
819007 124.062
819201 93.6191
819922 217.118
820073 193.263
820112 662
820178 451.241
820603 153.476
821068 151.872
821097 418.137
821185 662
821427 206.255
821765 407.861
821865 662
821927 662
822189 493.006
822573 662
822580 181.384
822584 662
823292 662
823314 360.964
823333 662
823340 662
823370 662
823650 33.169
823918 462.257
824346 662
824685 394.649
824813 662
825045 166.419
825300 451.396
825557 662
825849 125.109
826175 662
826507 662
826866 468.685
826887 662
826932 369.191
827235 662
827316 46.9226
827432 662
828045 195.791
828088 662
828953 662
829092 205.316
829639 416.385
829688 662
829702 154.471
829735 467.928
829940 320.782
830030 352.415
830040 662
830417 168.707
830589 78.5086
830612 408.372
830683 29.1999
830897 442.419
830958 34.4557
831024 662
831046 303.499
831079 662
831147 457.559
831472 662
831590 662
832589 662
832819 662
833258 662
833552 222.082
833596 91.4097
833626 662
833797 662
833850 489.229
834445 308.418
834503 201.64
834597 662
834633 662
835097 662
835116 258.398
835521 662
835560 133.844
835695 404.189
835872 662
835900 417.08
835921 229.13
836455 59.0571
836628 311.786
836782 50.2416
836923 427.401
837001 59.3511
837246 420.889
837894 662
838040 662
838152 215.905
838510 662
838607 418.058
838716 109.408
838729 662
838766 418.274
839045 55.198
839077 662
839117 662
839958 137.622
840294 662
840349 662
840810 662
840981 447.242
841347 662
842152 212.693
842299 662
842654 662
842661 662
842925 662
842956 662
843031 662
843083 662
843317 662
843575 239.59
843659 420.413
843749 278.505
844287 662
844503 185.243
845123 662
845177 662
845288 662
845349 662
845697 662
845703 400.214
845930 344.689
845960 662
845962 336.387
846013 439.151
846201 662
846408 175.719
846470 436.007
846554 152.818
846811 662
846990 662
846995 47.5243
847030 662
847173 662
847307 662
847572 662
847751 54.4028
847955 662
848203 662
848254 185.83
848515 161.295
848570 662
848655 662
848700 362.535
849025 300.645
849053 662
849194 541.216
849694 662
849782 134.277
850059 662
850212 163.111
850214 61.8874
850221 662
850243 352.513
850346 662
850383 662
850536 108.707
850633 662
850794 662
851187 127.061
851431 662
851443 253.219
851528 662
851681 94.6544
852420 199.056
852658 242.345
853135 662
853316 662
853350 662
853511 84.7675
853593 6.43024
853781 223.787
853918 662
854021 662
854125 142.939
854167 15.5932
854198 486.14
854443 662
854974 203.634
854980 410.534
855124 662
855264 119.83
855352 194.027
855482 389.101
855514 662
855889 207.599
855898 662
856006 319.808
856176 334.682
856418 662
856737 183.99
857183 662
857402 399.586
857407 662
857777 430.487
857883 18.9111
858278 49.9184
858342 187.25
858436 662
858558 287.657
858652 662
859043 662
859182 133.873
859659 425.949
859722 24.211
859724 191.124
859743 8.05345
860044 284.721
860338 77.2413
860536 287.574
861009 662
861088 318.308
861214 662
861544 189.596
861840 662
861872 148.886
861959 348.484
861986 662
862106 662
862574 662
862732 379.203
863036 662
863073 662
863368 662
863662 662
863683 63.6233
863847 260.183
864169 209.356
864326 156.479
864624 61.5943
864912 462.137
865006 368.732
865600 662
866072 662
866505 254.082
866730 65.9456
866790 662
867635 222.752
867765 389.651
868018 91.547
868049 662
868089 662
868188 95.1389
868316 174.136
868498 662
868678 662
869001 74.036
869036 662
869239 662
869244 662
869413 662
869611 662
869626 110.145
869657 278.352
870204 289.873
870608 662
870756 662
870820 662
870910 662
870983 251.569
871591 662
871912 340.107
871952 77.7719
872382 171.028
872420 662
872872 10.1305
873742 662
873775 1.16344
874022 662
874104 662
874186 662
874204 662
874226 356.373
874320 120.276
874428 13.8144
874459 207.302
874837 662
874842 117.572
875278 436.342
875463 430.303
875611 662
875724 35.51
875882 247.53
875906 185.025
876033 662
876123 662
876525 662
876690 662
876923 662
877034 209.839
877379 662
877723 253.075
877860 662
878013 662
878177 662
878247 662
879024 337.335
879172 662
879327 31.9864
879702 662
879790 662
880036 662
880050 61.9049
880074 662
880346 478.916
880444 662
880516 199.15
880731 51.3829
880772 439.547
881050 662
881071 662
881389 428.756
881458 662
881647 662
881666 386.068
881834 662
882327 662
882553 662
883003 662
883375 662
883428 123.399
883588 284.325
883667 427.035
883785 369.974
884007 662
884023 367.782
884034 305.607
884816 312.024
884820 488.792
885215 662
885417 294.382
885607 367.413
885734 662
885755 71.0964
886025 662
886245 109.423
886290 340.241
886469 662
887047 112.588
887108 662
887377 662
887902 29.6724
887971 662
888275 662
888323 166.911
888476 343.442
888645 662
888837 374.383
888948 662
889539 28.1819
889609 162.323
889864 335.504
890122 201.129
890402 474.228
890423 662
890439 662
890455 662
890494 451.12
890512 415.653
890604 158.415
890755 425.792
890787 206.407
890788 662
890892 662
891262 662
891463 84.358
892113 662
892284 112.084
892446 314.54
892551 192.652
892707 367.92
892813 662
892929 662
892945 101.618
893019 109.894
893167 155.844
893427 662
893587 64.2378
894185 212.57
894465 158.667
894591 323.463
894694 662
894761 662
894789 269.647
894814 148.959
894828 451.215
894974 662
894994 662
895287 662
895660 662
895970 2.29991
896092 310.306
896609 662
896662 458.109
896687 662
896857 662
897918 662
898206 662
898662 446.236
898679 662
898709 229.25
898804 662
898894 662
899054 604.529
899079 201.291
899287 403.717
899610 662
899801 662
899941 27.655
900546 662
900638 662
900863 185.809
901208 27.0974
901414 662
901834 662
902047 352.139
902080 662
902084 662
902500 401.603
902666 662
902679 179.973
902817 266.494
902898 662
903085 662
903415 487.913
903495 662
903536 662
903591 121.209
904047 662
904760 662
904816 71.2329
904824 191.605
905146 55.0756
905157 662
905320 662
905326 67.6933
905362 62.6013
905802 496.774
906466 210.164
907856 424.82
907915 435.587
908086 233.538
908377 662
908436 161.588
908576 662
908677 662
908701 169.139
908726 170.753
908735 662
908814 473.346
908962 125.707
909369 662
909563 662
909986 289.072
910050 483.087
911744 292.674
911787 95.312
911801 433.691
911976 220.658
912267 662
912321 662
912369 194.636
912684 100.717
913346 82.7452
913431 168.274
913815 662
913986 662
913996 662
914470 313.871
914522 662
914757 252.209
915354 116.13
915488 418.964
915552 662
915844 436.393
916011 416.126
916207 289.654
916354 256.526
916360 662
916369 98.482
916555 662
917017 313.533
917162 117.866
917265 662
917463 662
917622 662
917696 60.6727
917823 662
917869 212.253
918037 662
918154 286.456
918477 662
919636 662
919649 662
919688 34.5308
920191 334.114
920225 425.259
920872 472.898
921024 662
921438 405.071
921609 662
922388 391.337
922536 255.865
922712 662
923416 301.997
923756 476.228
924003 309.089
924513 662
924759 31.7926
924834 662
924982 662
925208 662
925371 14.928
925488 662
925675 99.9279
925905 360.516
926804 84.8277
927215 305.902
927256 662
927329 171.062
927666 152.068
928069 425.25
928089 662
928416 373.845
928468 662
928541 662
928705 76.108
929331 456.866
929381 662
929535 662
929554 662
929773 662
930119 662
930126 21.9213
930664 662
930920 383.813
930970 374.783
931570 662
931638 662
931914 130.789
932115 39.4875
932250 416.035
932256 474.318
932922 662
932943 662
933430 104.253
933664 24.6212
933744 306.479
934089 144.924
934133 320.007
934184 99.1361
934345 662
934540 84.2649
935722 261.318
935776 662
936258 662
936514 392.167
936580 43.8475
936618 662
936936 239.515
937084 330.448
938057 149.7
938165 338.619
938435 662
938551 185.631
938603 662
939041 291.62
939286 662
939535 150.256
939941 397.617
939944 662
940164 662
940623 662
940751 4.52118
940891 71.8924
941221 662
941348 662
941575 157.243
941804 662
942078 302.335
942160 662
942218 662
942415 662
942560 213.532
942670 662
942692 662
942875 189.714
942920 316.89
943027 629.706
943332 331.717
943517 662
943751 391.733
943989 662
944127 662
944164 148.968
944337 325.22
945188 662
945544 662
945556 662
945776 662
945845 246.362
945874 383.424
945932 387.784
946024 452.397
946026 662
946218 662
946662 662
946740 662
946771 346.637
946929 662
946950 662
947049 228.984
947596 662
947804 153.733
947855 662
947966 425.948
947977 182.894
947981 507.789
948339 662
948343 347.618
948477 662
948676 254.076
948689 444.882
948796 289.005
948873 662
948920 662
949099 353.028
949201 45.3464
949230 662
949982 485.752
950172 131.77
950184 6.35854
950307 662
950310 662
950656 242.727
951574 313.431
951662 466.769
951667 282.934
951908 280.662
952220 170.99
952299 662
952384 662
952605 296.056
952678 662
952979 48.0522
953595 662
953811 662
953820 36.337
953965 384.499
955247 662
955302 173.745
955353 662
955583 436.307
955681 336.522
955871 231.931
955976 270.774
957227 177.356
957422 13.3165
957650 212.367
957946 14.6867
958037 662
958102 662
958502 662
958900 455.35
959395 131.016
959558 662
959952 78.4495
960247 206.307
960484 352.771
960699 662
961158 662
961292 359.549
961373 662
961553 662
962005 9.93293
962055 294.663
962140 662
962213 381.243
962332 162.568
962600 334.427
962679 662
962986 662
962995 662
963196 92.6677
963317 406
963481 662
963758 662
963803 81.1054
963927 662
964045 71.7549
964190 662
964198 662
964285 662
964472 662
964784 662
965372 214.849
965445 257.311
965563 76.7491
965654 662
965720 662
966349 662
967884 662
967979 662
968111 662
968714 62.1346
968742 662
969264 288.502
969812 432.95
970108 177.911
970128 662
970890 33.4267
971256 460.53
971379 450.225
971501 662
971584 9.90412
971865 662
971899 662
972025 662
972315 380.83
972688 662
973247 148.671
973439 662
973541 53.1934
973618 662
974019 371.734
974127 662
974496 662
974579 662
974869 142.447
974871 142.009
974879 662
974984 123.362
975031 423.657
975181 157.922
975551 359.127
975590 489.073
976158 662
976261 369.939
976331 26.3842
976567 123.242
976712 331.067
976992 662
977442 34.5767
977744 205.958
978062 272.693
978193 662
978228 662
978471 662
978516 662
979143 388.321
979197 107.302
979687 662
979901 662
980073 301.196
980151 662
980267 438.837
980303 662
980470 662
980650 340.485
981185 662
981240 662
981377 483.054
981396 13.4462
981431 662
981439 469.672
982314 184.446
982546 662
982633 662
982940 200.588
982983 140.037
983295 89.2412
983368 662
983534 662
983829 662
983860 276.588
984005 195.025
984067 88.5604
984095 176.08
984128 662
984155 447.329
984427 662
984655 662
984663 385.683
984914 14.5492
985465 662
985613 662
985618 299.705
985655 421.274
985666 662
985766 662
986705 662
986760 662
986780 147.154
986854 327.29
986914 115.247
986998 662
987046 121.99
987131 662
987239 155.192
987330 662
987373 662
987416 662
987420 662
987597 662
987665 401.01
987725 428.346
987940 662
988401 124.942
988738 120.616
988840 89.8216
989102 662
989380 372.762
989508 269.06
989720 662
989932 480.499
990228 662
990623 662
990641 662
990843 662
990915 416.735
991273 277.88
991374 662
992096 662
992200 281.714
992247 431.535
992396 662
992591 662
992711 438.365
992953 662
993300 662
993591 662
993612 31.5615
993660 45.719
994238 0.188103
994346 172.602
994576 662
995441 110.146
995984 194.573
996353 662
996904 662
997070 662
997634 662
997647 236.985
997719 274.024
997935 219.39
998025 662
998130 264.16
998305 662
998826 662
998986 662
998987 662
999391 662
999562 662
999660 413.018
999696 662
999791 662
999935 269.729
