1649 128.763
3139 430.77
6538 350.962
15377 5.04678
36247 125.141
44319 303.085
49827 629.763
62093 273.347
62892 143.149
66865 342.389
85178 332.569
101702 82.8101
101905 276.109
111679 180.691
115048 13.7725
116700 308.985
125292 212.987
126449 85.8774
132722 207.256
144698 98.2444
150689 100.631
150785 73.6099
189169 0.495474
192247 435.422
198152 161.61
203691 382.699
204340 449.738
211027 382.751
220148 4.38926
223105 232.962
226622 56.1823
231733 205.89
236956 367.292
244858 138.465
246021 78.7415
261441 450.989
261602 271.809
279155 47.518
293195 334.209
296676 104.11
322099 188.788
322777 113.994
323989 1.14021
330119 354.521
337179 117.675
339483 486.197
344359 399.287
348618 322.951
349386 503.276
350875 231.139
366696 405.295
371306 398.09
379984 376.583
381861 220.794
390996 402.006
392878 310.801
396175 254.119
409822 434.605
414215 299.52
426942 45.0354
431605 134.484
433211 311.646
434342 160.624
440062 357.817
446902 416.894
452626 448.025
455904 189.169
474577 459.927
475034 31.9554
482464 386.814
489446 301.067
492981 83.108
494240 376.879
505159 483.35
507969 369.01
510377 56.468
512941 395.587
513172 181.193
542779 96.2846
546713 72.4203
552443 272.983
560763 132.816
581071 34.0167
584239 338.184
589500 160.143
589827 137.377
591414 409.048
593322 153.359
593439 480.581
598708 103.095
600575 53.9617
602094 253.886
614316 8.67618
615600 128.899
616179 212.788
616384 50.2225
617956 498.423
628366 449.032
631533 34.4644
648835 387.539
656041 193.338
658914 64.4532
662081 248.218
662812 518.804
664664 17.2467
673740 279.758
679507 363.635
679855 450.676
685142 80.7695
692394 194.325
703586 136.073
705621 447.579
706068 92.427
714458 133.083
722048 339.491
728242 258.454
736038 330.724
739224 361.252
740068 472.779
761609 223.791
771766 380.425
784614 428.074
785806 315.719
797840 356.236
806025 9.76738
807636 241.12
815541 27.8126
848141 121.819
865514 457.871
866014 221.186
869461 184.023
874999 319.58
881730 401.607
882257 313.021
886842 144.984
898029 269.496
905852 266.198
909109 500.848
913609 296.292
921394 115.197
924633 423.467
925876 37.9763
927363 277.111
938327 398.977
950275 83.4338
955163 127.068
955358 235.506
956698 326.855
968119 318.301
968998 166.999
