6763 135.493
10528 95.4366
13780 130.713
27088 319.598
28309 158.649
28382 126.589
30998 153.983
39961 69.9062
43649 553.23
46182 2.95118
47392 180.306
72209 345.231
81952 93.4371
95451 314.144
97373 197.439
97489 452.065
101180 401.716
102504 388.097
109568 353.363
132148 201.516
132256 349.122
136228 330.052
137180 164.791
149234 232.912
151829 285.281
161470 380.552
166872 268.5
182360 350.358
185830 79.6155
188313 212.096
191094 122.228
206741 306.827
210562 492.341
212696 284.437
219917 167.097
228564 429.557
231275 108.251
239502 450.132
247610 381.177
255284 231.022
279685 166.867
286579 311.786
287234 266.937
327270 441.376
342715 51.0595
348161 148.698
348708 107.016
349426 311.075
351007 53.7105
356823 396.236
375421 395.321
379475 400.688
379697 197.657
380275 200.299
380485 307.881
396132 281.766
400481 70.6867
406291 355.411
409949 397.633
412904 185.477
415254 237.986
415554 425.609
419619 450.718
423317 471.566
424634 506.908
433623 63.3265
435164 121.526
443228 425.885
456332 348.526
472410 399.171
489363 186.864
493840 432.251
496817 76.9856
514153 447.229
523492 250.841
533898 83.3904
550016 183.169
551081 295.654
553511 181.476
554024 466.678
556776 73.3287
569191 68.8962
575096 136.093
576406 386.664
577216 49.6479
582806 200.054
583962 331.535
600715 451.74
601473 192.049
602141 410.098
602143 272.028
611994 336.035
615069 379.471
620036 318.604
622515 381.836
632289 212.945
633783 300.906
652769 103.8
660016 315.323
663588 81.4052
667414 253.962
668974 201.727
670154 58.396
679221 28.525
687780 472.154
688482 483.671
690718 480.702
695760 275.715
701215 275.625
702145 204.606
704503 260.177
723948 327.093
733080 470.703
733582 64.0725
742137 8.08651
742174 103.743
752678 186.2
764955 61.5689
770415 189.406
777100 355.128
778674 71.022
779973 278.189
781923 285.212
792377 176.082
806233 63.7594
829962 57.4109
839554 464.052
855641 273.543
861751 106.856
873255 424.062
875576 68.8643
889623 196.752
892898 135.881
896930 20.122
904558 79.9342
904623 388.271
905718 328.885
911326 443.352
921840 379.883
925065 471.371
932536 167.393
943577 320.441
946624 228.643
949858 50.4533
949860 266.115
966899 1.35906
969426 411.962
990705 181.708
992747 66.1191
998960 90.5273
